"candy" "age" "height"
"1" 41.7243273785036 -0.327170775364448 -0.705735201003327
"2" 70.062128291568 0.615283606007533 -0.467046484071537
"3" 65.2896693197856 0.663702261152242 -0.156090631591355
"4" 93.9734598442793 -2.27205469489726 1.14170626566668
"5" 85.3173579893949 -1.20640182617291 0.139555764379223
"6" 60.4249234698819 -0.0976119273758615 -0.905110161534836
"7" 65.4354232961018 -0.610609526485168 0.322535540794169
"8" 86.8349165703872 0.370851366389843 0.600809480225415
"9" 33.7560512665518 -1.04019131206223 -0.666593142551816
"10" 73.1445727302426 1.32003429558307 -0.152395897666403
"11" 69.2006957229527 0.132326112156732 0.356829162070303
"12" 54.4856266007281 1.36760235947189 0.776887421155019
"13" 90.6878697989508 -0.640601009554042 0.575516745102907
"14" 68.2512307716254 0.0618838065806856 -1.50351236591245
"15" 89.9690600656553 -0.228649684283146 -0.170889140177337
"16" 66.2720978853626 -0.977813944918682 -0.678997890667478
"17" 51.2918823081713 0.0608690482159704 0.5324755405645
"18" 90.947958418395 -1.26156445016079 1.77310323374651
"19" 90.601039212271 -0.314605788328936 0.119300452946896
"20" 60.041719384477 -0.29254969104032 2.59000251056495
"21" 84.8747255194431 -0.412469097496776 0.872032584275405
"22" 56.3618142335485 -0.662499431879545 1.61965942337883
"23" 73.0237898109365 -1.48438008354758 1.10968818838279
"24" 74.1101187422223 -0.805785229258215 1.28039887526583
"25" 60.4861041611068 -1.7263536360751 1.25945866244862
"26" 82.478356673631 0.626755050831919 -0.737697650731235
"27" 57.4322727049062 -0.159679136710146 0.661402319086461
"28" 80.518679012923 -1.57933345251066 0.192594174252463
"29" 71.1176085068406 0.217978824593245 -2.0925039112097
"30" 46.7502584903593 0.49990818170681 -0.510216006428608
"31" 69.6113588385526 -1.07380704607361 -1.0203801680607
"32" 82.4436945625949 1.83819952496229 1.56528595820992
"33" 51.2157168189614 -0.395762626447438 0.351158996856233
"34" 71.6971308497106 0.522863780582606 -1.00508390959802
"35" 80.6937820815876 -0.691263849560563 -0.305106563270773
"36" 72.2752301190978 1.00161036412744 0.365124364439763
"37" 70.2849526364802 -1.2171124914821 1.07838743050879
"38" 66.6426334445993 -0.987926674766875 -0.0318262060633246
"39" 67.9377158191897 -0.0323758499392056 -1.60447386569399
"40" 64.8263788792203 0.802130153976587 0.470660858710106
"41" 85.9413994303406 0.942996940523788 -0.637040661122275
"42" 90.1817794072686 0.406531317587158 1.52978088914861
"43" 60.318844139503 -0.993452585959245 -0.198290718986295
"44" 57.6608036018609 -0.276615928910204 -0.140638943300973
"45" 53.5468652506896 -0.384393779917743 -1.23684348481251
"46" 87.3407702963247 0.832564437858528 1.19138363076535
"47" 76.8085757092562 -0.229328689954058 0.44660942578657
"48" 65.0271346536793 0.664486300676643 -0.317574759330181
"49" 63.0031190011381 0.0703579604863898 0.394523331092503
"50" 64.4575552367288 1.04503407286531 -1.28492176178662
"51" 58.7438725399776 -1.75452791928038 0.358737938519524
"52" 79.4475760649491 -0.355913290535758 0.692221621071528
"53" 71.7339996699288 0.386265118893381 0.811868180664825
"54" 56.7364976473002 -0.603711166703689 -0.422908969270094
"55" 66.9447850304465 -1.65074776145049 -1.27864953653001
"56" 57.5971600782334 0.0654407272342132 0.196499530479486
"57" 67.2627650191432 -2.24677277205894 0.314026105434849
"58" 59.3533819542658 1.16672824931579 0.0314904856165994
"59" 67.7122237894909 0.101300587153444 -0.116678141944179
"60" 78.1410248159185 -0.829761881630424 1.47263284818824
"61" 72.5891431530837 1.28210259128369 0.991135443074815
"62" 37.9605872500125 -1.2072170875754 -0.535486841825895
"63" 77.1025214231374 0.287032233320452 0.698160719972615
"64" 84.4037520364168 0.500995747535454 -0.381293173844649
"65" 74.8841134324924 0.817835923998685 0.6230444294679
"66" 63.0867078297616 -0.220811340830677 -1.00081145003248
"67" 50.7455981797605 0.395474498536353 -0.111305759343213
"68" 80.4648426141097 0.561396845011803 -0.30458348178188
"69" 88.6955119956372 0.631374171156027 1.76156189693583
"70" 51.541955324413 -0.91795674943097 -0.542416378922473
"71" 60.9974386734895 0.737782259472004 -1.1135122125348
"72" 73.353758135891 0.332267962387405 -0.97844735337993
"73" 68.4489219046259 0.0520462807121896 -0.510819796936184
"74" 69.0784096582787 1.28962858012081 -0.016085927761138
"75" 76.7233099458514 -0.965430712660034 0.43275050026697
"76" 70.032897235482 -0.639774373054852 -0.00870735168254263
"77" 95.8502006840398 1.55622606622032 0.268591291685556
"78" 81.8790516305567 -0.524793096360421 -0.140586102956226
"79" 71.6864386217341 -0.142559665325194 -0.723387491075837
"80" 59.2729605469317 1.95453495266575 -1.06287809058108
"81" 83.2366083698771 -0.280121261169591 -0.588995217008605
"82" 93.0532988166255 -0.395866674502141 -0.0220621671909706
"83" 88.8696562387955 -0.727119282328772 -1.50154514103466
"84" 68.8291926345912 -1.1567324082884 -0.623075843303347
"85" 91.8688732260711 -1.9815967367442 -1.06162594179372
"86" 62.90827652214 -1.15405369672533 1.17161935975388
"87" 72.2701733087182 0.122602428429075 1.94439960955764
"88" 44.484054878321 -0.930756397857944 -0.951667206881946
"89" 66.2585141267612 0.665809419183287 -1.11625023916856
"90" 70.3942291611773 -0.528051049154986 0.170133634704257
"91" 65.2665939489113 0.851926848498793 1.50019036734127
"92" 80.8023902811044 0.0384888678945053 -1.5665099751498
"93" 93.3384320103382 0.924430030453357 -0.173497488301602
"94" 76.4305698821449 -0.254468128746266 -1.39014001235924
"95" 60.6035916508365 -0.243517344839904 0.328405970340751
"96" 76.6999779193976 -0.257808478398158 -1.07376675470491
"97" 83.9511541131369 2.00003866397037 -1.07644798794561
"98" 60.2864039638511 -2.13971901863003 0.222935481606351
"99" 82.5020547811989 -1.68863821058582 -2.27664574761091
"100" 55.6895501632822 0.964361171986911 0.287503807038087
"101" 76.5573201520654 1.64870741483435 -0.129455368130549
"102" 74.3376619067844 -0.216419246234784 0.160760287072008
"103" 80.7989061626817 -0.689803382247606 0.83614554471797
"104" 49.6147506747509 1.65131238966798 0.120682744050928
"105" 55.223738644556 -0.253395070510435 0.0285491996748708
"106" 76.5023944529744 -0.30456421699108 0.120224119208032
"107" 43.2502452693834 -2.54633139409109 0.195057536177195
"108" 76.920465902113 0.380801774817774 -0.602053817561932
"109" 70.5899945235941 1.94893522556596 0.255282813025278
"110" 82.624479716158 0.448563111059334 -0.0304341870527906
"111" 70.1853011546713 -0.777360234911799 0.235380062234449
"112" 75.6836212491655 1.34890544739607 -0.0206382920022471
"113" 68.5102329328402 0.585346862110035 -1.5157363234497
"114" 60.5343193594645 1.12655743355471 -1.15730203055325
"115" 71.933235857121 0.260855919318434 -1.23573004444358
"116" 93.7868105530976 1.80176460013168 0.18677733561942
"117" 70.8645010993836 -0.139397062689799 0.956947767556448
"118" 74.3579633083849 0.51109636320232 -0.557190350637639
"119" 79.5156992039856 -0.396119173399723 -0.169346567980017
"120" 100.1137308666 -0.165309794938796 -0.453632374493813
"121" 81.8077651617318 0.722121358985119 -0.547703395144579
"122" 75.2094093520199 0.272665236323837 0.84439567770067
"123" 60.8888611738227 0.668889232291239 0.0174424503270316
"124" 81.7176621481109 -0.677599708845422 -1.26874409055786
"125" 82.4346550204274 -1.11487844197434 -0.879926094275019
"126" 69.9158377955512 -0.830142453740113 -1.03403655563
"127" 78.410938429776 0.550747839904458 -0.486450924650686
"128" 84.5878871163169 0.0976876988157652 -0.144086939202528
"129" 76.2049199048602 0.678935534764083 0.105845966053711
"130" 84.8195530295078 1.1995133095478 -1.07229630870095
"131" 65.2669891474848 -1.08410593928348 0.538414120685496
"132" 88.9278463175178 -0.327114644586358 0.0552521825467902
"133" 66.4847072294466 -0.406697014575945 1.35674429254971
"134" 104.366124798062 -1.6770325978627 -1.30998484498733
"135" 92.9765547162621 -0.546509780309274 -0.40072971662695
"136" 80.9407185406022 -0.0978970356962167 -0.167439299372976
"137" 65.976392316643 -2.30221394000332 -0.906114165038444
"138" 60.5578592034086 0.171013960496304 -0.63549154358768
"139" 59.955996513463 0.337098626502555 -0.35381490264843
"140" 65.2141628909535 0.484873085130348 -0.515575837406266
"141" 94.6630348585347 -0.480669604884852 -1.09889108823912
"142" 92.9081794157302 -0.705963227206708 -0.0947721431705874
"143" 48.1169697760717 -1.2421966131754 0.60010584608197
"144" 79.7265037656046 -0.411652757249491 -1.82801113531054
"145" 69.1320789365067 2.49126134759039 0.532192567936842
"146" 68.4749906277427 0.157278144652936 -0.393677580804809
"147" 56.9673270596192 2.02258787073183 -2.3678731131528
"148" 83.9781692979611 0.131358054373477 -0.215917374759068
"149" 93.1616813379212 -0.259410658512119 -0.81342201996986
"150" 39.8989003187121 -0.337564881372909 -1.38484760694794
"151" 56.5662047144164 1.06565246093925 0.138777960656589
"152" 52.3185602522967 0.359736700481991 -1.59842116118976
"153" 101.279127805557 -0.927765115278993 -0.251887629737141
"154" 76.2694081976152 0.118646095631621 1.49311338823184
"155" 66.8374619598978 -0.244092908652253 -1.05275964725566
"156" 64.6759385720511 2.27779950099335 0.799553829259488
"157" 80.1320798255259 -0.0746991256969024 0.145632166882618
"158" 60.3134375419462 -1.4367820023234 0.0125636488904891
"159" 70.4180358987333 -1.11512597535901 1.39896433078403
"160" 79.8611092377009 1.40573913643523 0.0377290859470237
"161" 96.1586159742903 0.596681220594364 1.1597771321043
"162" 67.8590771917521 1.73924605515525 0.346699235365208
"163" 87.7914540434775 -0.805141803396912 -0.553934264024108
"164" 61.1557262852152 -0.0164101932076512 0.0956439695024427
"165" 61.2637941545234 0.694601526928966 0.0939862329747344
"166" 55.726732183699 1.66840441143069 -0.92097958821986
"167" 50.6055176883768 -1.19153702477481 -0.166435991930869
"168" 62.2290008317856 0.166064545823515 -0.593325922797355
"169" 82.4628715951905 -0.920312911202741 -0.804306416662595
"170" 75.3609358112431 -0.362620014599799 0.462737139079755
"171" 64.0422562386299 0.0386351167462233 0.0276041863000758
"172" 59.7208728215069 0.652843709663283 -2.5762441640856
"173" 70.4811122799856 0.128996570217038 -1.43827508138716
"174" 82.9183493138802 1.81552020878341 -0.375830234352877
"175" 51.3004911599129 -0.60259567163078 0.589091786642003
"176" 63.4317312829891 -1.32274380611436 2.14829853211877
"177" 55.5975651311606 -0.289462519991403 0.0716879320081292
"178" 77.1268556443183 0.567841419588938 0.303254081859073
"179" 82.0185754495982 0.851264955090645 0.0786207187290972
"180" 84.258346381228 -0.107677415307831 -0.264817484492917
"181" 71.2834762094625 0.0787121721630573 0.605657437565766
"182" 89.4726206342552 0.815629370291862 0.713130620704308
"183" 89.8983384634326 -0.30081285702773 -1.34567866018559
"184" 51.3910561687757 -0.689568101901316 1.85656531088479
"185" 49.9697352055412 -0.0205771560297066 -0.951976749016444
"186" 62.3391404871446 1.16480676508319 -0.703836334167342
"187" 74.4819988297953 -0.569210654886051 0.325780271449508
"188" 78.4536054005506 1.14162095760146 3.00450286187208
"189" 75.6535271255673 0.498752899589346 0.295879546775671
"190" 62.4732955596071 -1.86764198190676 0.789785627881167
"191" 44.6425536217443 -0.441726299006152 3.1340296984296
"192" 81.4792091580205 -0.896053270053789 0.616006749073391
"193" 32.8282997814404 -0.698885868923043 1.15625956258463
"194" 55.2056438995826 -0.453914752524675 -0.106536784526768
"195" 67.9934248856825 -0.379815482683543 0.510152003031201
"196" 92.2514403382884 0.700855128444903 -0.969679511744955
"197" 73.0225809654925 -0.201120856500922 -0.778586865649185
"198" 97.4978628350191 0.414693089979445 1.28225456665047
"199" 78.9972899296439 -0.143954444129392 0.823613199699561
"200" 85.875995249253 -1.47080767987076 -1.31711385948093
"201" 98.1077655770643 0.422401509654431 0.93206475586126
"202" 79.2456236928005 0.656578530761624 -0.378592740087284
"203" 60.1630266739684 0.230045788894411 0.694210956492532
"204" 82.5315190042928 1.17821279813822 -0.363962502579149
"205" 66.8309410105029 0.689228035472779 -1.00381778862639
"206" 73.617473693313 1.53956487032226 -1.2318612542966
"207" 77.1779180902983 -0.7699760260823 -0.284384889605992
"208" 63.9515990319071 0.709404872833174 0.925564738225495
"209" 69.4796859538222 -0.697475044663927 1.46382850054453
"210" 84.1383688550238 -0.0822081769463336 -0.492425360949224
"211" 70.2138566962808 -0.532600022960576 -2.10238518277768
"212" 56.0157938975253 0.706376561106375 1.25071490634876
"213" 72.7233158447991 -0.412913110624794 -0.304942705443003
"214" 75.2046562929566 1.41868200038513 -1.57480856919722
"215" 78.5945645905912 -0.998972029379577 0.821498083976132
"216" 73.2691379842342 -0.504303706807099 0.457046308441101
"217" 87.9343856851311 0.682695408638981 0.401183415267117
"218" 54.3610126011081 0.166536779506169 -0.8561682794682
"219" 60.2924404309813 0.239150001904259 -0.757169260232849
"220" 80.697616998424 -0.0876806960211474 1.81413716822084
"221" 70.1043786186086 1.41096104181086 1.29028829337879
"222" 79.3934912272969 2.24094582686169 0.842042598110043
"223" 72.4050629534455 -0.844929813222824 0.440273229081637
"224" 75.2201706435158 1.44628712528275 0.264847999051335
"225" 70.3503632930507 -0.0258337557553812 -0.53429608125813
"226" 55.1248331173933 0.136433336446864 0.606995100428529
"227" 84.5228766177739 1.29957419298637 0.559014805322562
"228" 73.5129681732983 0.263348037356248 -0.678485681629438
"229" 82.3540160589981 0.016296619158423 -0.396933167997442
"230" 55.292183617324 -1.29548551968585 -0.0643650399173613
"231" 65.9765453977379 -0.193054699830304 0.102015906121335
"232" 56.5044736027727 0.132120099063537 0.681241999325785
"233" 58.8780223883113 1.0460501829879 0.140772041851688
"234" 64.0652476235783 1.13671781170542 0.47397934056993
"235" 84.66349433145 -2.34813485184747 0.328681775402547
"236" 74.0720098014025 0.80506380481486 -0.588115862304606
"237" 74.5250560132664 -1.29866029296022 0.656732718014711
"238" 76.230328736132 0.215640607162723 0.284819868264935
"239" 63.3589150899729 -0.248919898492723 -0.25170637389318
"240" 77.686058424642 -0.03956229139758 -0.0344107507152895
"241" 77.3204362556117 -0.476275514839178 -1.98940615080149
"242" 79.7289629076493 -0.442652976467889 -0.0800493293961079
"243" 77.9653560199298 -0.344037485757619 -0.549481445044104
"244" 75.0211735620942 0.694751358160124 -1.66943410350346
"245" 49.0028650637534 -1.28300982585774 0.0846717109662804
"246" 71.4933967152889 -1.3531049313371 0.535634331813475
"247" 52.8332319607056 0.204150575079885 0.126209206387327
"248" 41.6951964422194 -1.3904050803231 0.991708062175352
"249" 62.0674450367382 0.0969144245179119 0.553889536433713
"250" 73.1940157210948 0.17793640843821 1.22592251864955
"251" 64.690699127998 -0.846072235179909 -0.0588945870616732
"252" 79.7725808188025 -0.100729112442624 0.33582340064615
"253" 92.2937593868078 0.135448465535748 -0.944189717517909
"254" 87.0710658168151 1.39118601319372 0.109955358953443
"255" 64.2102594766721 -0.0156273044701296 0.126763560842054
"256" 73.9835056355574 0.00246398727933847 0.818865894063594
"257" 58.0551982410393 -1.09105725816435 2.47401464508541
"258" 76.85601586533 1.07705959510335 1.54216731306864
"259" 69.3473762847602 -0.118064891828935 -0.587791218565246
"260" 84.3529632132865 -0.268168439951197 -2.12490146023079
"261" 62.9274330853513 -1.25444255781742 0.48599556311303
"262" 73.2872822910687 1.80323293406213 0.319736297452897
"263" 81.8497058721197 -0.519481220239385 -1.12559939897623
"264" 70.5730647085919 -0.376029346392288 0.00393175371869717
"265" 82.0430083489865 -1.62455782923193 -0.360361985737023
"266" 77.2807621932612 0.471340059297372 0.420937694466124
"267" 81.9317627163554 -1.63837017568534 0.27165669870241
"268" 63.9374763277811 -0.117127088678724 -0.886611448293106
"269" 66.0199561177304 -1.26620246623019 -1.50971289044804
"270" 61.1115258830335 0.252828367585904 1.59285868406569
"271" 74.3956884007101 0.157236824722582 0.392289305650648
"272" 83.4116854166202 -0.0477873970122444 0.57421717499574
"273" 79.0097874318566 -0.824287170267537 0.801305558681305
"274" 73.9762305427246 -0.291391523604009 1.91222115595894
"275" 61.3871698563152 -0.71839108717451 0.389730161132173
"276" 74.4318997032469 -0.871904876891756 -1.24773967528667
"277" 81.637711734206 0.266400572395088 0.173463887703737
"278" 50.6050452011952 -2.9451235334572 2.25098275010449
"279" 76.52183396047 0.980134209634359 0.317264654626076
"280" 82.6811297910239 2.5552252389554 1.19319620344213
"281" 82.610353962221 -0.316932208252545 1.41500892630856
"282" 88.8510179162089 0.729798954983727 0.495775530198741
"283" 76.7516463768604 0.798253470583318 0.540533066307645
"284" 48.9579564880219 2.23316379871894 -2.08683091661935
"285" 91.1122178339819 -3.13265361065246 -0.585360015057195
"286" 86.4796719149857 1.1605663591813 1.22728274202884
"287" 79.256165562963 0.637068279607186 -0.826756001671139
"288" 57.9537360402426 1.15950359691287 0.553144264819437
"289" 68.4177217767906 0.161864963443935 0.143625435669158
"290" 78.1472705832755 1.84229834089301 -0.92080102131309
"291" 71.5532490397274 0.902815206986954 -0.543868362286372
"292" 71.0454701705361 0.807397604448353 0.509357303405497
"293" 80.9056348372102 -0.146749952354544 1.04400976001066
"294" 92.1017760657555 0.250899409087666 0.15877979155222
"295" 66.9271479329212 -0.333406917434648 0.381417772568785
"296" 81.9162741887517 0.968947741024996 -1.88312721265138
"297" 94.5019938150081 1.24027382582477 2.13265576777506
"298" 48.8789922178303 0.439027887332626 0.234711015348151
"299" 57.671365811338 0.199741256432063 -0.766459088681617
"300" 70.0405216594499 0.590720930363668 -0.989487752770109
"301" 47.9959204368213 -1.54251506193979 1.17615700970348
"302" 55.6984061903629 0.180186866741994 -0.726039918546769
"303" 64.0332680723939 -1.34766208544997 -0.170381146938837
"304" 64.1385545176694 -0.146181760788854 1.4945281050944
"305" 72.123043139386 -0.942873572677725 0.0450947787599925
"306" 79.1143943871197 -0.507479885636764 -0.884237296177004
"307" 52.2990572961694 -0.0678871837988411 -1.16939676042444
"308" 69.546306926318 -0.192692224389524 -0.781116655320457
"309" 64.9495646078767 0.465591573233118 -0.262274830234155
"310" 79.0329352466178 1.93429924348528 -0.0215052448844538
"311" 98.4823833898945 1.26848799237744 -0.135602628800739
"312" 58.7124900616519 0.295300658102476 0.87972795077906
"313" 75.8421244357521 0.810883836322864 0.874693279715648
"314" 97.670772995487 0.299016939671218 0.216602634443167
"315" 63.5297232457107 0.0793208177087508 -0.0880728018103104
"316" 80.0021522901668 0.495576081706282 0.543181580146062
"317" 73.3218281935142 0.351847444222664 -1.32192872601811
"318" 35.1516366046544 -0.0779496866163399 0.0946786271115235
"319" 83.3639096138482 0.906034297396031 -0.266915333741342
"320" 66.1585284443659 -0.297385583118234 -0.22084425021236
"321" 63.4438768394773 0.944656961128976 0.428111337514202
"322" 74.8619050837409 0.459689568492162 1.58625727351505
"323" 67.2544805711158 -1.71544154997918 1.27085089038103
"324" 78.5950954988096 -1.29729526128083 -1.03006048949138
"325" 73.4609504423334 -2.23057443380995 -0.854754395942041
"326" 105.378443224166 1.15354905117329 2.54762092794937
"327" 74.7338341398012 -0.756403277598007 1.07130352764814
"328" 79.1908485532289 1.51608834823362 -0.2149992353449
"329" 78.8619486796363 1.20565586479381 0.482778162397199
"330" 78.9900503658932 -0.663060190624801 -0.63103555582357
"331" 72.2761739860934 1.11390426893875 -1.18143846530129
"332" 77.8540774657948 -0.106641373481352 -1.33963941234915
"333" 73.1915613399906 0.319394922771071 0.57359095798908
"334" 90.5055161191662 0.868971398954966 1.06910714432399
"335" 84.2065683542357 -0.432843123125693 0.048987294091196
"336" 100.103040108709 -1.95163763431136 -2.32874139614296
"337" 83.913916700304 -1.07581092497579 0.103801916673261
"338" 75.4538636694225 -3.52277447746069 0.258603725292719
"339" 103.811642643374 1.30505792338995 -1.11361043837813
"340" 86.3546918000611 0.606222707665122 1.17901441901471
"341" 59.4921071835305 1.03447742929023 0.236435376090058
"342" 85.3637972914167 0.704095736951041 -0.311849732936422
"343" 79.9261891363012 0.101341446562255 -0.84020289229251
"344" 40.398688341824 0.00580246621417161 -0.758232881621926
"345" 82.5047839534648 0.847240499781609 -1.26381898185519
"346" 94.4442306683509 -0.288803856361384 -0.138004039022124
"347" 58.4573169370777 -0.173732529769141 -0.185384760246181
"348" 58.5230879977976 -0.382325930564904 0.970399284680283
"349" 75.5347923797482 2.25244031561891 0.312591710765978
"350" 74.1705789204591 -0.460887773066334 -0.713320995246477
"351" 81.8285786035127 0.964503769453959 -1.40241846167522
"352" 44.0317913270029 1.01156970488745 -0.813171707823638
"353" 72.2623879282578 0.662005067559697 1.01324305192542
"354" 70.5887673831737 -0.470821116998301 -1.77650645286472
"355" 92.5347699547414 -0.0948026411479649 -0.631870517426655
"356" 88.0636732101191 -0.932559642272839 0.794588351792907
"357" 63.4128767981335 0.38694211198216 -1.25284347621874
"358" 56.903240086306 -1.71748390248938 -1.05035883025099
"359" 85.0735970528178 0.153306333691097 -0.673917625156448
"360" 47.2174830352421 -0.156047812891519 0.675024301635452
"361" 55.4352317177225 -0.0551868472622634 -1.01514520516986
"362" 92.4075290410611 -0.845695377660233 0.471822044475662
"363" 72.2080158893528 1.19055501174128 -0.765941720471802
"364" 92.3358945983216 0.0571982788234269 -1.59142917030046
"365" 78.9633308641977 -1.59087435235185 0.376860902304841
"366" 62.3417426156385 -0.120579624604561 -0.870976946742928
"367" 99.0778305918953 0.576434646904349 2.06451182504223
"368" 67.7869421445639 -0.909432887793576 -1.2212428867796
"369" 76.7596137878798 0.0504132389833375 0.599602060700407
"370" 67.5962375313915 -1.38724559101158 -0.330868148222725
"371" 78.5172656440166 0.0549601194278555 -0.0737605485617016
"372" 68.6014744061486 -1.25991312128584 0.419829123762167
"373" 76.2934377069612 -0.869730105285593 0.182700921176181
"374" 90.2703898820305 0.807523366376203 0.35416071981516
"375" 72.7223872049906 0.829638330551903 1.24317673650818
"376" 69.4939913745044 0.573566360958432 -1.70960293589625
"377" 85.4783264353209 -0.772966938127606 -0.133451859278721
"378" 93.106791941302 -1.21984656894991 -0.221649651195536
"379" 88.6423956194359 -0.77565962284504 1.17573026316537
"380" 81.0729176512013 -1.44223698958671 0.553687521116693
"381" 87.5889593350475 0.1348996604317 -0.668034017956069
"382" 61.4118521942497 -0.0265682704726315 -0.101978407529119
"383" 50.7017338865462 -0.249780132359864 0.32778837836138
"384" 65.2437246726195 0.541317013246288 -0.967200591279777
"385" 65.7861523643756 0.0275605757240421 -0.100184970051527
"386" 62.7308169516802 0.727313704990255 -2.11896368371449
"387" 62.0436824681376 -1.51102570135531 0.55265535572201
"388" 48.2125469799053 -0.41617089466993 1.15718646330338
"389" 55.1897466318677 0.333597685499879 -1.37709998112557
"390" 83.1654718462263 -1.05277163760471 -1.20118401701111
"391" 91.7582399386599 0.937958141125745 1.1481340684313
"392" 61.5174669920474 0.589195206983045 0.566742480187495
"393" 57.840091658582 -1.02144885014877 0.737355749872785
"394" 79.7258920655764 0.0996872047706911 0.529288982688685
"395" 69.8101239369949 1.92601702850651 -0.613806806830907
"396" 84.1561588916678 -1.05674016737125 0.123858966104088
"397" 80.8538217249228 0.728227554821455 -1.05506548134856
"398" 57.9054641273035 0.365203983346048 -1.24336281598924
"399" 72.2883909844929 0.71917514326513 -1.4704562752791
"400" 58.9395196321347 -0.605946770583611 -2.13991177957405
"401" 63.4163911418063 -0.669093004193022 -0.379648601059045
"402" 72.2661227055018 -2.12545799187512 -0.553319875693646
"403" 72.3034751144048 0.185273728308172 0.59684618717472
"404" 45.5445222209072 -0.0949329162445974 1.65151782110881
"405" 81.0602715822677 0.335269104591018 1.12355155905844
"406" 72.1198604696113 0.039345847549856 -0.0496036228439503
"407" 80.1507829035071 0.110727849728128 0.467151750449992
"408" 89.3426855745334 -0.401741521593139 -0.415849484240514
"409" 66.8331448247317 -2.29971241557403 0.172052410285682
"410" 68.1140330326757 0.611852655184356 -1.49660392607483
"411" 89.7855651805521 0.265919887534129 0.0161413151531046
"412" 99.8768595963642 -1.75686997839961 -1.70382148318596
"413" 60.7114140191753 -1.34371085623754 1.3969011872868
"414" 67.5059713057759 0.987888260938153 -0.376123930770521
"415" 72.9948175795114 -0.142564694847325 1.50613101643516
"416" 70.8823067847082 -0.0527547791764544 1.29995964507197
"417" 101.129967731767 1.36298083389381 1.30174807769962
"418" 59.0667365056293 0.745653003953332 0.401495645373822
"419" 69.3243727272214 1.30675620034152 0.104198853775265
"420" 84.9625563824923 0.67049770916241 0.547064835055813
"421" 79.437589493644 -0.610818235391368 1.1306670305252
"422" 87.3455719969194 -0.620680109095221 -0.51277831277165
"423" 61.3310809659554 -1.78840383037135 1.70341799873194
"424" 76.9234520201776 0.551216483987789 0.76069291298894
"425" 76.5491187899412 2.7042154293294 -1.67696548936454
"426" 85.9541565548754 0.064559678561001 -0.00953000081018383
"427" 68.5498073272118 -0.112712304494359 1.34854577225226
"428" 73.877191171442 -1.3032521153961 1.909094908979
"429" 83.4281971547828 1.71824803768774 0.162441803573136
"430" 54.2166578759213 -0.0146521450164207 -0.27531023396648
"431" 81.9128289109824 -1.45142151491174 0.862163500330574
"432" 66.3603420564704 0.22790408747736 0.0970307378637583
"433" 73.7162581530077 0.518045174827405 0.824305945665206
"434" 45.5889058967187 0.743994655363796 -1.6610118681117
"435" 61.6806062690942 0.573426637395194 1.62312179792463
"436" 64.6904710293281 -2.2005914067314 0.688984228729082
"437" 70.1759714474981 -0.0614895023475572 -0.500714813143227
"438" 61.9283829986802 0.0931906868078886 -1.44402663517255
"439" 97.0878088127158 1.17015602526283 0.607157026155221
"440" 75.8555800842603 1.24793111939926 -0.860130840039772
"441" 62.8415469439884 0.197403226879043 0.83088940551745
"442" 60.9920585091411 -0.019105360546291 -0.180200157644931
"443" 70.4665590987574 -1.91883027681715 0.507284245126913
"444" 92.6974832230505 1.39405863366504 1.6193663358333
"445" 69.0529374620029 0.589761712092337 -0.812062371531347
"446" 65.4772301481337 1.37462126128569 -0.589910829203805
"447" 76.7384917803178 -0.794287268233229 -1.02345697969887
"448" 85.6325574256516 -0.416935296241122 1.2337220196112
"449" 72.3617825885336 0.186649191157794 0.519999932676798
"450" 82.496754372191 -0.0868931914702308 0.275847152769812
"451" 61.7649727565204 -0.0595458068748947 0.831300667708335
"452" 61.8225144766091 0.127595671876091 1.0828872598421
"453" 65.5333266028128 -0.249845586979334 1.1247043024872
"454" 68.3673784269522 -2.1355242978855 -0.489056877095438
"455" 66.1630678274972 0.150081279332631 0.960872823275863
"456" 72.4371987263892 -0.920700500432321 0.190259863878816
"457" 67.0865390933605 -1.59915871439727 -0.238765846189551
"458" 75.9834469716291 1.00542258925101 1.09456835262279
"459" 44.8815894979064 -1.24603214582707 1.18865986982313
"460" 89.7452411827827 0.368352521520195 1.73968482807024
"461" 46.6830234972275 2.03713288200888 -2.17745709642052
"462" 55.3903117800281 0.0440297279154675 0.732497412568048
"463" 84.708582651046 1.8240544401418 1.80060280978433
"464" 86.4815197478513 0.9832528196745 0.627942880496384
"465" 62.2081371078877 0.869890163751975 0.858903007812436
"466" 67.0905752672313 -0.329017677828425 -0.567491951339802
"467" 55.141871609921 1.285559457355 -0.833279789454987
"468" 66.4647870188197 -1.64093451774873 -0.520154017650699
"469" 70.1648720722235 -1.50257459472703 1.52295710210727
"470" 83.6363134719815 -0.556665953652705 0.325101702035559
"471" 46.7685538679802 -1.35591393076503 0.12234433920247
"472" 78.2129933251655 -0.165451120412516 -2.31367839905655
"473" 90.2482427698035 2.0869762719749 0.402217515922101
"474" 63.6191343527298 -0.997004179609086 -1.2930759681181
"475" 89.9796738842391 -0.0944173430035253 0.0844172137874227
"476" 102.482964602558 -0.427821704633858 -0.400132101505162
"477" 66.4224911149383 -0.859657782115018 0.918983396645143
"478" 93.3986629489119 0.169857231203352 -1.14267833682128
"479" 70.247288221135 -0.886842119881803 0.156902723878356
"480" 65.7883895444018 0.548919825524519 -0.576315817556939
"481" 78.0695667409455 0.467393294128366 0.753683849510604
"482" 68.159955641274 -0.346402895076067 -2.14587781436474
"483" 77.1766977423244 -0.300618984220193 -0.724807864242447
"484" 96.3956480248435 -0.651658965354431 -2.4865183008387
"485" 86.1980070673035 -1.79885642902324 -1.48218476605358
"486" 71.7349468134806 -0.437034944593343 1.03864991573426
"487" 88.6576649393207 1.54341955123082 1.27095004763199
"488" 78.7267521345408 1.27513543484149 0.758655513963556
"489" 66.3413810534744 0.430332037954795 1.02257178851822
"490" 64.665869318 -0.844795117776651 -0.219371403745633
"491" 86.7762001241033 2.27001254581257 0.625881437810795
"492" 77.0914366822406 -1.51578857678592 0.364621095497313
"493" 65.9829974151698 -0.152599116252782 0.872043995413393
"494" 66.3003801231978 -0.532549808864621 -0.396515888251545
"495" 87.3148818029551 0.58217883817553 1.35277412500182
"496" 78.8198060295525 -0.388687312176949 -1.19410245810639
"497" 58.8722539678264 0.164109478192473 0.255024603403245
"498" 63.6749840704228 0.4771832922525 -0.0759945971674999
"499" 82.9100762016865 -1.50809745182839 -1.08878833473644
"500" 56.2421350274866 -0.924197715182269 -0.959458372183708
"501" 59.3193269576861 -0.49040848694352 1.56565810982889
"502" 63.9180349846222 0.765268173643397 -2.33038132635154
"503" 97.6323770801691 0.105509431188067 0.534279203362832
"504" 71.8736910571918 -1.60647024614456 0.366868224271077
"505" 96.0146074942939 0.235790562209459 -0.255575437120619
"506" 68.6212082157256 0.536548732366586 -1.36005220656602
"507" 82.8227314053783 -1.25122496540599 -0.49419951444499
"508" 61.3647064301242 -0.445765035263981 0.409554203283419
"509" 71.8154128124832 0.652548983187504 -0.680835607019885
"510" 75.9001261660067 0.742046829211186 -1.53388785855274
"511" 97.0611540930329 -0.0130293070017457 -0.253920950185616
"512" 42.3593600336945 -2.19943102056727 2.89939391630054
"513" 59.4427267638311 -1.16444709598214 0.5185183999648
"514" 55.6647473336521 -1.12868976912272 -0.762897770612507
"515" 80.6751933056169 0.474950009284297 -1.65962406096032
"516" 49.7764777195725 0.0592043635631765 0.625137974945243
"517" 90.1744215573225 -0.744161134825425 -0.167860493539449
"518" 49.0689845886714 0.0523016317436718 -1.12754762581297
"519" 69.6163971849001 0.423750259214409 0.105326395000455
"520" 84.450505745677 -0.16195909981145 0.675160790058434
"521" 67.6429621202435 1.66078786317147 1.08224783359042
"522" 67.0181747661073 0.281835511888058 0.384346382285775
"523" 71.3868965544618 -1.69215999422081 -0.577537845359383
"524" 67.4363188450562 -0.642259686332235 -0.0339584656371158
"525" 62.0940782475481 -1.07089983878003 0.207309978153086
"526" 63.4060651869054 -1.55955901050954 0.626841710164732
"527" 58.4477292598289 0.940577644380144 1.09968090216229
"528" 74.0487934990769 0.273773449905436 -0.851489819540011
"529" 59.1051843391628 0.717306554496929 -0.783533981653727
"530" 81.5168682307607 -0.508684736547469 0.15285315549959
"531" 30.6627888524541 -0.878946361678645 -0.747950005998905
"532" 64.8158371889734 -1.03839602544798 0.194972548527161
"533" 78.0100060174175 0.52877103696493 0.404548903505088
"534" 71.9836206590992 0.348482588990447 0.428283983859226
"535" 70.9590774747843 -0.374317390671306 0.314954532014539
"536" 66.1205654645921 2.09132065821055 -1.10433644598275
"537" 100.667017817033 -2.03888061873605 0.0558374864915659
"538" 106.530140003713 -0.392895394376036 0.320718809503295
"539" 67.0435481389846 -0.843827783800519 0.0550117598966768
"540" 63.4775564266742 0.765638684889982 -2.07275374513427
"541" 75.1102229942913 1.14491207639692 -0.088522840034646
"542" 95.9236717895265 -0.0402549624602371 -0.23145851990054
"543" 54.0521751071811 0.0952233414796898 0.945978487092249
"544" 100.781133127834 0.827982920955587 -0.331787880952182
"545" 46.9597103278603 -0.390019815431317 -0.0648385947338437
"546" 74.0879575543349 0.0558698318553875 -0.907201857755115
"547" 61.7418363567855 1.68500362399423 0.252811669643243
"548" 60.5817459484653 0.348721588721115 1.38309514957703
"549" 66.789350140608 2.02588591816709 0.0292385226935984
"550" 95.6376237131207 0.918567471483778 -0.945573895752187
"551" 68.4880950970521 2.48867177263496 -1.49267805518197
"552" 63.1536547114691 0.368942772020732 0.445817736988551
"553" 85.5638815127511 -0.0361154658873276 1.05180959191281
"554" 47.6405814587131 -1.66109725657453 0.883401426131945
"555" 87.6792472109507 -0.755173539524745 0.193484310881992
"556" 99.2878262875328 2.04524446549232 0.272992230801199
"557" 63.2366191998882 -1.36125204623484 -0.216647381032472
"558" 85.3375781355916 -0.224516751012144 0.283378006890853
"559" 81.6936137987466 0.786379805388942 0.143046878416519
"560" 71.9079128163612 -1.60142659172049 -0.396052748693001
"561" 75.8854194381165 -0.000317871600794805 -1.54412699741728
"562" 79.53360668701 0.452801888203868 -1.36430881315096
"563" 94.5383769321056 0.375941642370636 -0.670554932641899
"564" 59.5851254926262 -0.635036830607406 1.12654407652867
"565" 73.039492443856 -1.12810938936315 -0.0854608636985301
"566" 76.061271747123 -0.372418831691276 -1.74440237989437
"567" 50.3599469718564 -0.892320452964651 2.25759939466389
"568" 89.3738617316024 0.709466135203269 0.286645523736554
"569" 89.0253576780184 0.402563484941426 -1.57566526784222
"570" 75.8567822817293 0.434186129790627 1.08376840468059
"571" 89.3962560698276 -0.107622187263776 1.28619614647121
"572" 70.1915384570877 -0.168280185846704 -1.9807730344894
"573" 81.4338608524068 1.82010119493274 0.435733514446561
"574" 71.8450090020666 0.911972435775745 -0.974599629984366
"575" 88.7757095650952 0.107741566493422 0.353317069477956
"576" 73.7688781151284 -0.310858812588479 0.740153420799494
"577" 82.8439137659825 -0.451420929603611 0.940356900309718
"578" 42.3246502855003 -2.67979394086276 2.63367395521429
"579" 74.6052058061306 1.78183943174962 0.72400593192142
"580" 61.465553898468 -0.812741294616203 1.13701385375831
"581" 87.1167890946847 0.00687117258399667 -1.67150388989204
"582" 51.0092036482783 -0.189320136456788 -0.17272605364512
"583" 87.3813520331372 0.641951765099921 -0.0871162162961939
"584" 86.9903837749892 0.780595517671717 0.894504844454482
"585" 78.8777616769697 -1.59033754354553 1.07178317197981
"586" 88.779842971159 0.600245828144731 0.412492653096669
"587" 87.2616351395352 -1.06569577938811 0.190525577956707
"588" 77.7124102850574 -0.956597468024907 1.1866200577917
"589" 93.8368267115961 -0.0931845249828521 -2.58386863269896
"590" 60.5055380200557 0.72754329449796 0.911563512343026
"591" 66.8152128375201 0.00639569919626977 -2.00890393153544
"592" 78.730267762195 -0.464896381864687 -0.670077790044899
"593" 77.0220180303282 -0.177577838715201 -0.751377218164464
"594" 65.6414472329978 1.00306669358654 0.328374935034204
"595" 61.3420678988101 -1.83903794425054 -0.753233101096772
"596" 74.8251172258795 -0.40874596960133 -2.42767303034562
"597" 57.631377101925 -1.25407777699692 0.229136838664266
"598" 68.296096913386 -0.655995004722237 0.751815054215172
"599" 81.0088620442007 -0.665950112493043 -0.921138654710562
"600" 71.983136069376 1.52342268278411 0.741368576944307
"601" 74.1189504615823 0.183905809598035 -0.365926870447784
"602" 71.2774854744881 0.831875485985606 -1.69887226736841
"603" 80.5041953136787 -1.47421403293245 -0.855375929318017
"604" 64.8556257840554 -0.988428074073565 0.324664172262762
"605" 101.481509376676 -0.976746983280812 -0.828431776956138
"606" 69.3756392337106 -0.325569822667299 0.489927219014154
"607" 76.6205341756711 -1.31454869490912 -0.67380056047837
"608" 61.7726839597356 0.202145646337736 1.188180720461
"609" 100.141370101447 0.923872031424787 -0.778268945319373
"610" 79.2132104517858 -0.642488565078316 -0.948565437699915
"611" 83.382650931817 -1.59877373227228 0.0848153620154057
"612" 80.8774978195118 -0.158093641323451 1.82757884432433
"613" 84.1422807461573 -0.526655092054453 -1.01013119649828
"614" 71.2948329487926 -1.18626933543904 1.17792798553706
"615" 66.6102518762452 -0.321585678453592 0.191331968970646
"616" 94.970173047779 -2.13615467479586 -0.302155463323179
"617" 64.0791496479074 1.30988164826982 -0.429849293659699
"618" 86.5027340310497 -1.16810811828683 0.593388336580606
"619" 91.5972524245883 -1.42679128341613 -0.345931137586337
"620" 59.3962232794959 -0.43430810184242 -0.339876031046797
"621" 71.0893532538656 1.06376728538043 -0.898697882755162
"622" 53.6230862250646 0.142276482780921 0.809442325423571
"623" 55.6895890889736 -1.07976304303926 -0.149414408849959
"624" 79.8581212864428 0.674603925438492 -0.0793796244493613
"625" 81.5795953056946 0.300892846065007 0.111362802382077
"626" 61.5327201076126 0.286889483023537 0.187205966128904
"627" 65.9362933548065 1.18401523596566 1.29263725803913
"628" 53.2106736975453 0.53392747801303 -1.46014099780627
"629" 91.6935596487678 -1.13523781422203 -0.607545338373718
"630" 86.3695681384335 0.199500237115702 0.461406720323797
"631" 70.3268167271518 -0.97168181166664 -2.13816577471951
"632" 64.3933227417757 0.0190383752910341 -0.480599593201729
"633" 55.425549717891 -0.365486423042318 1.31222195060684
"634" 57.6210239509205 -0.698509526033986 -0.704631659807457
"635" 54.7309514498887 -0.430421514727214 -1.18783198684286
"636" 69.7869072109038 0.178914632499758 -1.86845578628179
"637" 77.8540441875083 -1.27978235121282 0.661385181211513
"638" 76.3857063250697 0.485823627733276 -0.320384823368073
"639" 85.9807086068197 1.71405025470914 -0.408253591762501
"640" 62.7226969210531 1.49775266633938 -0.509390836807579
"641" 80.6841193802393 -1.46385482454361 -0.752847493226807
"642" 62.2548214010357 -0.874819430043947 1.56841164166987
"643" 75.3674598144059 -0.395822941841842 -0.88907590946994
"644" 67.124868781909 -0.552103110243696 0.177943973011405
"645" 70.8009680878669 1.33772684115831 0.443335336781043
"646" 69.4052841162098 -0.111652880005322 0.91731893169198
"647" 77.8873239634557 -0.503337685991233 0.356157164013014
"648" 60.4288894566622 0.448290358231206 -0.816742790066082
"649" 95.2185441939613 0.612732041172554 -0.616874284236475
"650" 63.4805395884665 -0.595138221361659 0.373170469008913
"651" 67.8830826169366 1.37279788836407 -2.65133713539974
"652" 71.5819484448464 -0.228600050355877 -1.7365554870082
"653" 63.0874970419092 -0.398048246158098 -0.602829762609956
"654" 90.586499809858 1.08788617858657 -0.123274577497051
"655" 61.8019645109148 1.16470749178985 -1.35490854459866
"656" 72.8311607514184 0.153076170181577 -0.0264086097343453
"657" 58.0633425530636 -0.0942105156486578 -0.1237780577365
"658" 63.9927516018859 -1.59004893658734 1.84325593997067
"659" 66.1768159865311 -0.481445586205887 -1.46941820034409
"660" 61.850686110926 -1.70571549564989 0.605289425118698
"661" 67.7259786713426 -0.256975717299157 0.386195653975576
"662" 72.9411447621717 1.0372369553628 -0.480190762711816
"663" 69.7822000873988 0.63694574501406 0.205014309032218
"664" 88.197644853759 0.138320616792139 -0.23114815515925
"665" 85.7715398158265 -1.99022398897382 -1.15492666017436
"666" 74.6080842798853 1.11284692938178 0.479242583573864
"667" 80.564116585699 2.63022332503478 -0.143356831200171
"668" 74.7669832438769 -0.0176576071742372 0.544801772811318
"669" 65.5881963346712 1.43923170036979 -0.529190544853198
"670" 69.4733628241281 1.63421418521613 -1.08948794536637
"671" 60.6421715463709 -0.345361552564846 1.32835594882613
"672" 68.2045431339769 -0.722190546125583 0.999665510264856
"673" 57.7615236375553 -0.170638714852885 0.0581354926332227
"674" 106.00956684586 0.271243866860685 1.78111745804149
"675" 87.3685209734137 -0.288412704307573 -0.629535272758834
"676" 70.4491344820045 0.496707754199795 -0.878096611636785
"677" 64.2952632985288 -1.05469104187083 0.714769019805213
"678" 82.5870944865617 -0.728833917179432 1.33582382744547
"679" 96.10467850552 1.75634259417214 -0.335207663272547
"680" 91.1838697932719 0.015670434204962 -0.882767617360413
"681" 79.4709713680806 1.83571122820585 0.882502639322807
"682" 83.0507823733912 -0.161047899142844 0.225535845904688
"683" 101.089546095305 0.592037531610117 1.79526986969364
"684" 74.4239477834478 0.457139758116374 1.70240344642353
"685" 59.64250589261 -0.34911607045649 -0.237571723662269
"686" 85.6167985724617 0.720899020428997 -0.160278954812186
"687" 90.1584107015227 0.213889865907313 -0.584068836000141
"688" 67.9435666386994 2.30973760866457 -0.507604709690564
"689" 70.528385784815 -0.0585386649638821 2.66476285733154
"690" 79.5953355099071 -1.07898532925637 1.35425421261647
"691" 93.0885921360333 0.549816496845463 1.44412697675226
"692" 54.9236974439744 0.983201873836296 -1.08537601588093
"693" 73.9367058221241 0.0839522995617443 0.641533340065039
"694" 68.003473667892 -1.04383818852533 0.288833669110833
"695" 84.908001701755 -0.279965999721318 0.856737637099976
"696" 77.7893776345027 -0.254035478884446 0.803496081306698
"697" 71.7240416409183 -0.834879335958543 -0.528987215701958
"698" 61.6871739625371 -0.812579558697951 -0.302382617835775
"699" 70.1019910405776 -0.0550234847172364 -1.33499307890327
"700" 66.0040678411039 1.16356923539776 -0.390627373400205
"701" 56.0124112483092 -0.0295405330682082 -0.500410494765759
"702" 62.511825649414 0.421697741086441 -1.29964174610923
"703" 82.2391792472093 1.30682623731741 1.64112972836463
"704" 94.9392749730912 1.59467035735678 2.58115099029834
"705" 64.5597995799802 0.679589778774277 -2.56459420282584
"706" 79.231944987312 3.25217304238917 0.715952546765945
"707" 90.6889022485229 0.248425538778607 -0.997066576213399
"708" 74.4456889974083 -1.15819100488716 0.341303322554843
"709" 87.96529213807 -0.652149852480731 -0.708178202236568
"710" 55.1181368372855 -0.987299666229351 -1.62938695058918
"711" 54.6806838119466 -0.126265485428174 0.386219735225723
"712" 65.5390725944893 0.119285574983851 -0.771236665650541
"713" 80.0060606469752 1.30162130569498 -1.87059662947177
"714" 97.3053831190196 -1.38169009403599 0.713538602214181
"715" 75.2909959499829 0.831191185099948 1.09476341053486
"716" 66.8492797043079 0.589171688995549 2.69726686340988
"717" 74.8157232027106 -0.19979370449404 -0.990976461717249
"718" 84.69282359487 0.585293050571162 -0.695650317379952
"719" 68.1902073023435 0.191587349964085 1.00264469311593
"720" 79.6923278181521 0.476564975428384 0.866436071428128
"721" 67.2532827326272 -0.416570420503311 -0.748364152058199
"722" 87.8890865002563 -1.25441399923955 -0.976750990648466
"723" 70.0262765392939 1.60039580753018 0.286692146242869
"724" 53.1377205487347 1.06307570895841 -0.259410647372614
"725" 46.7683223521623 -0.767325811208539 -1.81904666245118
"726" 99.2232368581466 0.486271727643185 0.807240361476755
"727" 71.519530718731 1.64040860504051 -1.70784255805789
"728" 64.5173899183453 -0.275074345565939 0.816931208790438
"729" 71.5114346367564 -1.1576588280599 0.757114050369276
"730" 102.294844461018 1.68884027822921 0.645804059086348
"731" 69.1306061238586 0.744236984032346 1.04431373156496
"732" 90.8423167960077 0.338421312418437 1.72330099529237
"733" 85.0473723735563 1.27494516019583 0.446902253096759
"734" 77.9353570327628 -0.299108030789804 1.47559056255191
"735" 73.0599182019702 1.24733437981906 1.46033842262625
"736" 89.3138318185041 0.621057195509052 0.00590229945049837
"737" 86.3671759568687 -0.428266235882977 -0.283808985089685
"738" 55.0180343270234 -1.80048883080058 -0.741332053434356
"739" 68.9476970272526 -0.643993299370465 1.09171927287416
"740" 65.4351550581047 -0.518388501616904 -0.620359612326548
"741" 89.9406794911727 2.07382837867898 -0.453432989329894
"742" 83.2228608642005 -1.95798483582804 0.477784253364199
"743" 79.6318160420242 -0.357013286085876 0.419835745994776
"744" 50.3036205140748 0.799636630059486 -1.80025328274081
"745" 75.1680147239506 -0.0412764532548519 0.560689948043493
"746" 80.2043731600518 -1.40262877661987 0.461038119152616
"747" 59.6548137242821 -0.840579127099297 0.0742011515285801
"748" 65.7574007652035 0.227958732135727 0.876901298950365
"749" 101.952156267332 1.91002058126422 0.45334571831563
"750" 74.4442315230855 0.483330869487021 -1.35271218009675
"751" 60.9798300620429 -0.367662948006188 0.362076609922771
"752" 92.0288390685895 -0.369088802784835 -0.818738704175769
"753" 64.1797136062774 -0.731298667528374 -0.743267280775469
"754" 94.4898668893637 -0.235979710380318 1.19776945523409
"755" 85.6178254110391 0.514369290075232 1.09707960974728
"756" 94.5074918059828 0.261496283556296 1.23364548040021
"757" 81.2881279587983 -0.672317619871037 1.42717921799886
"758" 74.3222833367857 -0.489680687559071 -0.148709494839402
"759" 83.6218748758529 -1.09016065608227 -0.377044178297967
"760" 62.4576274227613 -0.453424432222895 -0.806691011811784
"761" 67.0147232782474 -1.51111558672973 0.550003315322
"762" 45.3526828056153 -1.32974185813053 0.985621748522224
"763" 90.0207323475499 -0.275765036808149 1.23409021658175
"764" 75.9180125902647 0.0609659645179717 -0.771423116553183
"765" 57.0343709032866 0.095827128382312 -0.78197289850985
"766" 70.447117323916 -0.0997865084477559 -0.0141941891138825
"767" 72.1974344392449 1.0990760866154 -1.577468124658
"768" 52.7727737846583 0.497744985066596 -0.0670523299101493
"769" 86.3271504495391 0.656113511142269 -0.0802650249290338
"770" 63.9413662526097 -1.78418390393828 0.807422421174086
"771" 76.4934184163698 0.92465992539809 1.12711207243964
"772" 78.1092358107196 -0.342393450629197 -0.18357972350388
"773" 82.3181435407747 1.46181779445691 0.704714019286413
"774" 85.3094963121061 0.170182406724819 -1.66547995910302
"775" 91.7974521621337 1.79451597200564 -0.60605693834865
"776" 66.7120359932567 1.05952909949531 1.12668001810953
"777" 72.3426219942675 -1.92751055376419 -1.37741633273997
"778" 65.2444691487604 1.033639873967 -0.301698896527788
"779" 89.3473300475761 -1.565993939496 -1.73812561040415
"780" 69.2740884746066 1.14994585706948 -0.857376760497455
"781" 93.4945359375553 0.0572775663558024 0.525360536388837
"782" 74.9003645845197 -0.852661452369949 -0.544500729582621
"783" 79.8168784726441 0.0139905056257891 -0.236825769535867
"784" 81.0998988537689 -1.70293339973692 -1.12421334863669
"785" 98.7439732598187 0.877294358365743 -0.859688942960954
"786" 67.3340205349278 0.921820880527006 -0.624498442761011
"787" 73.6895303371831 0.847931443247515 0.579374404093099
"788" 64.8506415789425 -0.702875149847052 -0.017068687857345
"789" 81.9504533598924 0.650529616492302 0.179787783016384
"790" 75.9133359111074 0.0291970391577545 0.420188833242683
"791" 85.81839339518 0.551448130347411 -0.00103533565752245
"792" 70.695238591611 -1.96115784196698 0.683856583926806
"793" 60.5246485502974 -1.16020633485379 -0.841732918831309
"794" 70.3228130051831 0.152120856497368 -0.583818085724588
"795" 48.9222312767778 -1.60489299832312 -0.194821442663842
"796" 62.0905036991139 -0.157432154973176 -0.522414557538255
"797" 94.854817184748 -0.369137664590828 -1.14924612107008
"798" 77.9394227898047 -1.21360414965824 1.63955243562205
"799" 79.7016504177995 0.105866858026916 0.296145220448501
"800" 64.551753453338 0.770755157346287 -0.709606843874925
"801" 62.9533043800058 -0.208458908991845 0.442702158095868
"802" 76.4300515286447 -1.07993887768241 0.840362911121968
"803" 88.6725468227564 1.34401050685256 -0.160780345868187
"804" 59.6558261468328 1.03172882921315 0.458543369794595
"805" 88.8248408845164 0.63928400805024 1.16598024570009
"806" 79.9605209140241 1.85835510133868 0.569719667137795
"807" 78.767413246522 0.90981888355377 -1.02323864559157
"808" 54.2300672603537 -0.766269553765787 0.598269434733229
"809" 61.3494939120211 -1.99108566590403 0.914861607354486
"810" 76.6767702370391 -0.659201385992811 -0.104168882357663
"811" 92.2374947375267 0.0952815396500757 -0.939440040734397
"812" 78.8308233305992 -0.0702127256427587 0.704665796815261
"813" 74.6113275994833 -0.0950375164564261 -1.22369143445067
"814" 47.5461262114443 1.03762419284429 -1.7079665476609
"815" 64.1978959704449 0.732974781775569 -0.936500271377573
"816" 65.4775764022447 0.590001910969069 -1.55088985682449
"817" 59.1193234234386 -1.8342022041456 -0.824589235903874
"818" 72.6795002900223 0.978721500121341 0.421069960146252
"819" 81.7933925169115 0.236407699987771 2.32495109919344
"820" 73.8766608050775 1.33468326013914 1.01976374849843
"821" 61.1045594129591 1.02566456086888 1.68772733535011
"822" 30.8782580790845 0.461261622499865 -1.08345139559632
"823" 62.7458155454461 0.480419120499942 -1.93623229213237
"824" 58.9908178899299 -1.15513095252308 -0.733620881804382
"825" 69.9928934983352 0.15994547759728 -0.926215202722198
"826" 58.6553032640791 -0.398776741592092 0.485128446174897
"827" 43.7982355304184 -0.441394547537609 0.878918313425407
"828" 77.8942038098797 -1.31096426157026 -1.44101465719815
"829" 81.603159182893 0.730281435299335 0.899158227630267
"830" 47.641904479884 0.546877907937125 0.249334387231962
"831" 90.8969763364706 -0.235721361693954 0.802276546356703
"832" 74.2175350207265 0.175455663052321 -0.117271131052545
"833" 50.1072107982845 -0.543662482432757 2.15887531187254
"834" 76.0144604983083 -1.66017650998607 0.304844109644255
"835" 78.8631961850979 0.250247657964707 -0.446007957543686
"836" 68.1570548814361 0.0422030384905448 1.20203366041347
"837" 86.4831512774158 -0.494860866761002 -0.830847620786481
"838" 49.59914304646 0.111063641158626 -0.594018160116673
"839" 50.5832270846351 1.88624123154989 -1.15254339946947
"840" 94.187878774958 0.186171317678855 0.10227633430698
"841" 63.0580287390108 1.69341681906331 -0.0759733358926385
"842" 89.2030632235038 -0.403004725832707 -0.312787978048282
"843" 87.0140301149859 -0.802409561789003 0.243019295190109
"844" 76.7203204926419 -1.11012434727345 -0.212408508462191
"845" 74.5671212924643 -0.909481335844046 -0.807775616196084
"846" 88.8576348587512 2.4910425027974 1.01262358175211
"847" 86.8671952689804 -0.376251311072316 0.268237718828024
"848" 65.553404542036 0.338064093541156 1.16737141177365
"849" 98.381907631311 -0.463770781564 -0.0945680353839686
"850" 78.7160207971238 -0.196862063485984 -0.0423275708722353
"851" 89.3496030610156 0.702765629899375 2.10997792060204
"852" 52.3117139672086 -0.262453060467289 1.08039554026722
"853" 51.6975778569898 -0.0369534388243351 -0.600619298579703
"854" 77.5055121993207 -0.08910866959579 -1.77219486026227
"855" 70.9878015223224 0.586624836638585 1.09904193161474
"856" 56.4959270439291 1.3339844371238 0.612544973253691
"857" 85.6950006576262 0.312124043123412 -2.33092894207104
"858" 72.9274845834181 1.01005807024211 0.385449766855488
"859" 79.7499011941001 1.4166527833541 0.707638438696969
"860" 65.0928377783133 -0.708697519863453 0.548073493057116
"861" 65.3479224435847 -0.374130481649477 -0.00731817955526206
"862" 75.8201862970508 -1.83864667153791 0.0377905225276862
"863" 66.020940003684 -1.26920191081267 1.48942090472497
"864" 78.9074962768992 0.348324563867194 1.19408405295608
"865" 78.3693527292001 -0.914188749155336 2.55272843417847
"866" 61.9610338411883 -0.390880589369577 -1.9594883093764
"867" 55.6276434771409 0.0681024478619812 0.918952992455631
"868" 66.8520122879002 1.25398467712199 1.69799314682104
"869" 79.832694348153 -1.55135945953491 -0.662211827912201
"870" 83.5471494492322 -0.803730289896495 -0.559276025095316
"871" 90.9670539337535 -1.20033903625659 0.203928331821583
"872" 63.4199404498732 1.08187621970779 0.381280378349706
"873" 83.1288269245651 -0.0443343990699211 -0.631276123072154
"874" 66.0136467783343 -0.0113662775318111 0.603239514117819
"875" 82.4788058211515 0.51770587640618 0.760617460394845
"876" 63.2301548649082 -0.281917465455054 0.56821286878276
"877" 83.6100808579163 0.181466266743067 -1.9283310429812
"878" 84.4532995610091 -1.50212812356534 -0.442495052765014
"879" 72.2602653444548 -0.713072457860658 -0.154388947471809
"880" 62.5263245008653 -0.184365108605616 0.754245456761701
"881" 81.6458788371574 -0.50977296977058 -0.770383518547668
"882" 57.1811890870447 0.695826819788401 -0.296365379334903
"883" 76.4536324524171 1.03661856603683 -2.21732121305233
"884" 91.4870765487094 0.224087023898942 1.17628488090534
"885" 62.0231873099799 0.0870919870417375 0.1380696047158
"886" 86.0803942758956 1.42544598369993 0.435843004122491
"887" 59.7101835844109 0.00208091760949153 0.20518599266102
"888" 68.7149079109977 1.56574958179874 -0.149801529098509
"889" 66.0895882340074 0.789722001701485 -0.188219842584045
"890" 54.598137035886 -0.165451166228978 1.5240362808775
"891" 71.3730668041426 0.080945300460094 -0.806589962951693
"892" 71.6433646794686 0.256161178325188 -1.9565881886684
"893" 80.5564716234118 -0.875223783577531 0.609514449865767
"894" 79.7032148525625 -0.365076121018839 -0.754185820213951
"895" 71.910227150337 -0.761533075764803 -2.00330961380002
"896" 57.1063204222655 0.775715214836887 -0.0258226138720025
"897" 60.6016616911413 -0.407655514742508 -1.043315709747
"898" 74.2900926949364 1.02972379295758 0.290903350336631
"899" 79.5110272412434 -0.894145057816684 -0.720544716344323
"900" 58.7339320989842 1.23554962654174 0.962532722176868
"901" 69.1282042555072 0.360482294926871 -1.88790698843101
"902" 77.6828865408301 1.81733431117977 1.01446421995038
"903" 55.60228502961 -0.85113664480311 1.64601496905915
"904" 87.2599793801294 -0.544063103842571 -1.0279794032311
"905" 69.7386389452839 0.601843245877249 1.0271670581918
"906" 57.0321493053392 -0.523332122578965 1.30560598194845
"907" 89.2226272041826 -0.987802620667864 -0.485374698594079
"908" 83.7599736752658 1.56706450177054 -0.0973720782507414
"909" 68.4652506792952 0.49577321442792 0.51309460400326
"910" 86.7640442947242 -0.361384367560611 1.43771782766337
"911" 98.7347038287113 -0.0431744630020581 1.22720473594007
"912" 72.7167986231367 -0.796818638121201 -0.679820763847095
"913" 75.9288282871837 0.260985112822965 0.10128250891667
"914" 75.6279399268896 1.01691613527996 -1.33251821859936
"915" 85.6218769980975 0.0889856287342973 -0.0308805509724892
"916" 97.6358671724676 0.847563549237193 -1.06995149066692
"917" 62.4721899512205 0.129623816988866 0.922141784310273
"918" 85.5958771273059 -1.07734981088925 1.83141035828342
"919" 70.2361496062957 0.918787413863989 0.141859268946
"920" 60.577466386332 -0.735104351495682 0.257306255314142
"921" 77.8967630479219 0.22800005102543 0.0785854608093562
"922" 59.9441203321487 0.266226455647594 -0.602674326418689
"923" 78.7829187460379 0.239825088279189 -0.978370510934633
"924" 83.4238613480051 0.780710612775923 0.122233162401812
"925" 91.8841424746591 0.569096044898875 -0.567869521940792
"926" 83.2731792771624 0.0408894202215605 -0.89289079458479
"927" 105.208990290954 -0.647126842586097 -0.796386098965383
"928" 69.6670058399266 0.530276754954349 0.305747927156003
"929" 73.8448437911897 -1.2763944622554 -0.0140586014628648
"930" 61.4079574209513 -0.612527396943473 1.42261729818045
"931" 55.9999787775133 -1.14952991390555 -0.173953258103596
"932" 67.0711212945049 -1.00451857218427 0.318309521353301
"933" 42.9402968484655 -0.758879384872549 0.634640215818844
"934" 85.113377295045 0.0694240974827635 0.754739205926142
"935" 70.9316866337803 -2.0393685297201 -0.379544371269891
"936" 43.5919362424784 2.1949940801861 -1.5299718868179
"937" 75.5295183934349 -1.3585669790291 0.488064017961899
"938" 72.2337540770401 -2.2159530854133 1.08778268064489
"939" 97.1150410760589 0.768663066127258 2.01602768237697
"940" 60.448671282613 -2.21122478976705 0.450784422472885
"941" 80.8712603826588 0.937031944952324 0.227662296555507
"942" 87.4792673388225 1.62616215967656 -0.282994455182515
"943" 65.7100011784965 -0.599765706282659 1.02243114758335
"944" 104.953312992614 -0.968074748683097 -0.927735792994711
"945" 95.2663536531838 1.39243930498585 -0.558676203084099
"946" 72.6977785298423 0.604179047150088 -1.28525514883225
"947" 65.0504605636049 2.11430557351529 -0.572604660332754
"948" 81.066002938714 -1.63217285937748 0.0369499669402033
"949" 76.6656054736744 2.10063737036941 0.693108488222951
"950" 88.5325377640684 1.51179723388172 0.0326565176200734
"951" 83.6622548348353 0.89747961559308 -0.581666254025046
"952" 57.5317824326186 0.0531870079297949 -2.26824063363805
"953" 65.6169102242404 0.571304479123298 0.40744204178452
"954" 56.4067609065765 -0.604969656941571 -0.307881065259186
"955" 86.4013998176318 0.208331531645643 0.992840794497306
"956" 93.5580815158838 -0.753442927765836 -1.869363150353
"957" 84.7179726427472 0.422078016652814 -0.81519704904466
"958" 43.9631828691096 0.649844388288889 -1.09355584607216
"959" 58.8812933222038 2.96340162677487 -0.166069034632296
"960" 62.8543727672865 -0.572879877769752 1.29083284183239
"961" 99.8234515656478 -1.07837113609072 -0.250557672652695
"962" 62.1184294697967 1.46288147605425 0.504103271961661
"963" 78.8745011015983 -0.0706119027969397 0.00883400260312514
"964" 68.513693043065 -0.386391024574964 1.4519571980202
"965" 63.009380115138 0.884676414963838 -1.43244152172017
"966" 88.1414173857329 0.952006035319974 0.274954252145256
"967" 84.8562156623526 1.85054282162282 0.223965171931674
"968" 80.1287888478381 -1.07324095240416 0.65236387818718
"969" 73.2654667908805 0.0590874868351964 2.2263606959396
"970" 89.1410174303814 0.579238384329301 -0.473998351101464
"971" 83.5637322719502 0.257926793703014 0.851951532523001
"972" 84.4298177612199 -1.07934503775365 -0.682903291735188
"973" 84.6331143686947 0.130624320025585 -0.160047029298103
"974" 83.5551922717937 1.06715887275031 -0.27039837241553
"975" 72.0676894462033 0.785763553692281 1.58403953737489
"976" 61.8595074242042 0.407035865263558 -0.116840015253375
"977" 81.5991811492796 -0.0496866648920018 -1.24468990244558
"978" 102.655488776143 -0.575262880988287 -0.0442909440459005
"979" 79.4162148831145 -1.11778336918064 -0.255269654125722
"980" 93.8965266115946 0.859635607605086 -1.0395397955493
"981" 77.8165536005033 0.0739668753020487 0.121776097067697
"982" 57.222177080577 0.180402518591827 -1.58962904698034
"983" 61.867228040762 0.269441598148274 -0.100844777336004
"984" 70.6169320500938 0.0626097669265393 1.50909158716752
"985" 85.7355232734441 0.712579705683618 0.720257605102762
"986" 58.4098714507272 1.38753299341173 -0.175138939059937
"987" 78.0901147665147 -0.914198549963684 -0.298946945154566
"988" 50.5668080865657 0.664827468350077 -0.2468998374892
"989" 69.0713048515964 1.69478635453068 1.41269598119838
"990" 47.290129740321 -0.656175350600353 1.92299751218385
"991" 79.4559617050624 -0.666731627791067 1.01951940592617
"992" 77.2230319625159 -1.79067065858603 0.579570168759446
"993" 71.4099366085438 0.900612909954704 1.28924587814206
"994" 80.0364452979506 -0.284230738690848 -0.354531891868384
"995" 74.7944316150328 1.6119208031652 -1.07839529475943
"996" 48.9864754785908 -0.616108271406195 1.45099605383083
"997" 97.9733062557306 0.289968167596075 -0.894668050691439
"998" 88.2328893517037 -0.522768205766285 0.223670891200994
"999" 92.5739570976257 0.325343298391585 -0.644105555817432
"1000" 72.3223121530671 -1.90738617924953 -0.194579206719888
