y	x1	x2
41.7243273785036	3.40610701752005	3.81148678353242
70.062128291568	4.24951969789418	3.97834404373821
65.2896693197856	4.29285007920798	4.1957202241323
93.9734598442793	1.66560923639479	5.10295554452632
85.3173579893949	2.619273583576	4.40239420627727
60.4249234698819	3.61154172832674	3.67211211976299
65.4354232961018	3.15245459515387	4.5303076852139
86.8349165703872	4.03077462708694	4.72483731240796
33.7560512665518	2.76801718112645	3.83884935314186
73.1445727302426	4.88020875811705	4.19830305748878
69.2006957229527	3.817315781772	4.55428091596492
54.4856266007281	4.922777936061	4.84792600794352
90.6878697989508	3.12561489062972	4.70715622324756
68.2512307716254	3.75427619605631	3.25379426374097
89.9690600656553	3.49427461389888	4.18537520812346
66.2720978853626	2.8238393656874	3.83017771457122
51.2918823081713	3.75336807775453	4.67706792432186
90.947958418395	2.56990795116591	5.54433865450445
90.601039212271	3.41735156113293	4.38823456851283
60.041719384477	3.43708980258044	6.11539863985335
84.8747255194431	3.32977262094553	4.91443799662976
56.3618142335485	3.1060177542223	5.43707252930757
73.0237898109365	2.3705078164767	5.08057305103722
74.1101187422223	2.97778973511037	5.19990972462323
60.4861041611068	2.15396305149848	5.18527130105751
82.478356673631	4.25978561868391	3.78914317693208
57.4322727049062	3.55599710736401	4.76719522194976
80.518679012923	2.28553301344048	4.43947113170081
71.1176085068406	3.89396732608572	2.84205500435755
46.7502584903593	4.14626897533176	3.94816604321315
69.6113588385526	2.73793409499977	3.59153169803193
82.4436945625949	5.34392045984547	5.39906232278167
51.2157168189614	3.34472342366428	4.55031714153647
71.6971308497106	4.16681219053677	3.60222467008059
80.6937820815876	3.08027616386497	4.09154944301345
72.2752301190978	4.59524771720884	4.56007974365151
70.2849526364802	2.60968849265217	5.05869200542955
66.6426334445993	2.81478937371352	4.28258826653993
67.9377158191897	3.66992220383352	3.18321631830491
64.8263788792203	4.41673070667725	4.63385587564482
85.9413994303406	4.54279392667577	3.85950825209193
90.1817794072686	4.06270500363327	5.37424221974898
60.318844139503	2.80984417566215	4.16621991488569
57.6608036018609	3.45134909967983	4.20652185064749
53.5468652506896	3.35489752812376	3.44021128191613
87.3407702963247	4.44396667846696	5.13768290466784
76.8085757092562	3.49366696433598	4.61704252873328
65.0271346536793	4.2935517247092	4.08283345064932
63.0031190011381	3.76185980859054	4.58063132686673
64.4575552367288	4.63410806663507	3.40660177714173
58.7438725399776	2.12874957890452	4.55561526143695
79.4475760649491	3.38038502795697	4.78873970196032
71.7339996699288	4.04456856191348	4.87237958818289
56.7364976473002	3.15862801238072	4.00919872713812
66.9447850304465	2.22162357133855	3.41098642646728
57.5971600782334	3.75745932305064	4.44220120226529
67.2627650191432	1.6882343042257	4.52435909623908
59.3533819542658	4.74301350924822	4.32685030722125
67.7122237894909	3.78955070186973	4.22327184083606
78.1410248159185	2.95633276802173	5.33429242378313
72.5891431530837	4.84626326321922	4.99769780445564
37.9605872500125	2.61854399727637	3.93050026323115
77.1025214231374	3.95576397289933	4.79289147663767
84.4037520364168	4.1472422498252	4.03829058240147
74.8841134324924	4.43078597115848	4.74038083184661
63.0867078297616	3.5012892327405	3.60521136717549
50.7455981797605	4.0528101359597	4.22702744794266
80.4648426141097	4.20129584915794	4.09191510731976
88.6955119956372	4.26391931972083	5.53627059052515
51.541955324413	2.87740622121252	3.92565611479677
60.9974386734895	4.35914507574036	3.52642699606668
73.353758135891	3.99624591903395	3.62084516814602
68.4489219046259	3.74547248711825	3.9477439586206
69.0784096582787	4.85299835251695	4.29359163421537
76.7233099458514	2.83492125497286	4.60735433579596
70.032897235482	3.12635465662716	4.29874968694832
95.8502006840398	5.09157934357231	4.4925975256143
81.8790516305567	3.22925265220814	4.2065587891139
71.6864386217341	3.5713175085768	3.79914680870781
59.2729605469317	5.44803029989842	3.5618231847543
83.2366083698771	3.44821213970073	3.89309480479215
93.0532988166255	3.34463030992802	4.28941389615379
88.8696562387955	3.0481887469515	3.25516946805534
68.8291926345912	2.66372328607472	3.86927046988962
91.8688732260711	1.92554322350751	3.56269850939769
62.90827652214	2.66612049419854	5.12386653264435
72.2701733087182	3.80861395140445	5.66408475862882
44.484054878321	2.86595167656716	3.63956604414721
66.2585141267612	4.29473579785714	3.52451295660829
70.3942291611773	3.22633707480375	4.42376991155127
65.2665939489113	4.46129431042389	5.35355672836799
80.8023902811044	3.7333398108747	3.20975528019797
93.3384320103382	4.52617819683432	4.18355182146626
76.4305698821449	3.47116940702825	3.33304811595543
60.6035916508365	3.48096938269733	4.53441145602873
76.6999779193976	3.46818009177971	3.55421137684667
83.9511541131369	5.48875206625334	3.55233703926479
60.2864039638511	1.78403787298003	4.46068146573423
82.5020547811989	2.18771499613591	2.71332917807583
55.6895501632822	4.56191300986812	4.50581847101921
76.5573201520654	5.17434190870106	4.21433981848539
74.3376619067844	3.50521976598306	4.41721739777945
80.7989061626817	3.08158315195412	4.88935087406099
49.6147506747509	5.17667312902341	4.38920087018553
55.223738644556	3.47212969851903	4.32479417771489
76.5023944529744	3.42633787258166	4.3888802648141
43.2502452693834	1.42015603398675	4.44119316459344
76.920465902113	4.03967935585567	3.88396608543558
70.5899945235941	5.44301904318834	4.48329412696477
82.624479716158	4.10031971294333	4.28356136858362
70.1853011546713	3.00322757183243	4.46938094954187
75.6836212491655	4.90604586601042	4.29040926751411
68.5102329328402	4.22272898005009	3.24524900827286
60.5343193594645	4.7070642091404	3.49581537288905
71.933235857121	3.9323385046845	3.44098964132813
93.7868105530976	5.31131444918012	4.43540482404352
70.8645010993836	3.57414775608628	4.97379863593554
74.3579633083849	4.1562814006864	3.91532825148409
79.5156992039856	3.34440434591723	4.18645355557877
100.1137308666	3.55095817005016	3.98772128452701
81.8077651617318	4.3451299654944	3.92196018374136
75.2094093520199	3.94290679096528	4.89511819563162
60.8888611738227	4.29749195611771	4.31702991558388
81.7176621481109	3.09250435206522	3.41791090784736
82.4346550204274	2.70117885592611	3.68971724378321
69.9158377955512	2.95599218989991	3.58198509087172
78.410938429776	4.19176593861964	3.96477921406179
84.5878871163169	3.78631748878589	4.2041115014834
76.2049199048602	4.30648250151062	4.37882910163811
84.8195530295078	4.7723532163715	3.55523930390856
65.2669891474848	2.72871750340795	4.68121933634183
88.9278463175178	3.4061572495641	4.34346111186496
66.4847072294466	3.3349381207552	5.25327960033837
104.366124798062	2.19810098523804	3.38908122799748
92.9765547162621	3.20981815545141	4.0247033114227
80.9407185406022	3.6112865817887	4.18778684698164
65.976392316643	1.63861939979821	3.67141026306862
60.5578592034086	3.85193795819871	3.86059117511771
59.955996513463	4.0005689329112	4.0574994880671
65.2141628909535	4.13281390381437	3.9444192104194
94.6630348585347	3.2687392448204	3.53664801016599
92.9081794157302	3.06712153087115	4.23858540481352
48.1169697760717	2.58724043921814	4.7243454313217
79.7265037656046	3.33050317271511	3.02695079875478
69.1320789365067	5.92835259063035	4.67687011003901
68.4749906277427	3.83964562714634	4.02963316347858
56.9673270596192	5.50893159673344	2.64955595718051
83.9781692979611	3.8164494563287	4.15389785992372
93.1616813379212	3.46674628336302	3.73620744982949
39.8989003187121	3.3968052189588	3.33674781436673
56.5662047144164	4.6525596864632	4.40185047635235
52.3185602522967	4.02082799163159	3.18744750988947
101.279127805557	2.86862860789406	4.12875256494834
76.2694081976152	3.80507338613667	5.34860950941306
66.8374619598978	3.48045430437917	3.56889656364095
64.6759385720511	5.73732326151425	4.86377114215696
80.1320798255259	3.63204664385464	4.40664196413804
60.3134375419462	2.41310385726067	4.31361935034538
70.4180358987333	2.70095733560686	5.28279385637912
79.8611092377009	4.95690695271712	4.33121145077271
96.1586159742903	4.23287222078252	5.11558812851305
67.8590771917521	5.25536592304043	4.54719950952969
87.7914540434775	2.97836554391452	3.9176044449226
61.1557262852152	3.68421004375877	4.37169731419941
61.2637941545234	4.32050216835462	4.37053846019612
55.726732183699	5.19196896527059	3.66101846987565
50.6055176883768	2.63257625608536	4.18848821708864
62.2290008317856	3.84750867315535	3.89006739020818
82.4628715951905	2.87529766640647	3.7425797853656
75.3609358112431	3.37438310761877	4.62831673594373
64.0422562386299	3.73347069056338	4.32413355854276
59.7208728215069	4.28313264333278	2.50389250432956
70.4811122799856	3.8143361384627	3.29939891024073
82.9183493138802	5.32362449303205	4.04210949402823
51.3004911599129	3.15962628105874	4.71664596481352
63.4317312829891	2.51515787985398	5.80662193430598
55.5975651311606	3.43985254554244	4.35495065422708
77.1268556443183	4.20706316906796	4.51682882684122
82.0185754495982	4.46070197481113	4.35979707433743
84.258346381228	3.60253401365771	4.1197138463732
71.2834762094625	3.76933608351896	4.72822631583386
89.4726206342552	4.42881130223758	4.80335630569935
89.8983384634326	3.42969500542997	3.36412918046532
51.3910561687757	3.08179370689601	5.60268348831726
49.9697352055412	3.68048098339019	3.6393496562377
62.3391404871446	4.74129395210153	3.81281420160991
74.4819988297953	3.18950289579315	4.53257594017884
78.4536054005506	4.72054472071026	6.405158431864
75.6535271255673	4.14523510079466	4.51167359899834
62.4732955596071	2.02752257350948	4.85694260270995
44.6425536217443	3.30359003297841	6.49570520486998
81.4792091580205	2.89700788323051	4.73546108497325
32.8282997814404	3.07345513580522	5.11312914335372
55.2056438995826	3.2926824533068	4.23036123800233
67.9934248856825	3.35899469613334	4.66146247652865
92.2514403382884	4.32609858439427	3.62697439809847
73.0225809654925	3.5189104614118	3.76055924359465
97.4978628350191	4.07000906255224	5.20120696055549
78.9972899296439	3.57006930584887	4.88059003785304
85.875995249253	2.3826539082032	3.38409763329028
98.1077655770643	4.07690741119174	4.95640396722016
79.2456236928005	4.28647497537084	4.04017834225838
60.1630266739684	3.90476618373484	4.7901303628271
82.5315190042928	4.75329115694838	4.05040572702188
66.8309410105029	4.31569337238358	3.60310976209135
73.617473693313	5.07666905807906	3.44369415008135
77.1779180902983	3.00983578065869	4.10603509503349
63.9515990319071	4.33374984367382	4.95186007780664
69.4796859538222	3.07471769778534	5.32813767401275
84.1383688550238	3.62532671218842	3.96060273649359
70.2138566962808	3.22226614864949	2.83514742228842
56.0157938975253	4.33103977455961	5.17915890829138
72.7233158447991	3.32937526876613	4.09166398914096
75.2046562929566	4.96848966249222	3.20395408153172
78.5945645905912	2.80490476569035	4.87911144925796
73.2691379842342	3.24758882985659	4.62433851518463
87.9343856851311	4.30984725355101	4.58528711207686
54.3610126011081	3.84793128021615	3.70632533459747
60.2924404309813	3.9129136430168	3.77553139228218
80.697616998424	3.62042929532399	5.57302375520742
70.1043786186086	4.96158009265532	5.20682300159991
79.3934912272969	5.70434250754315	4.89347325648835
72.4050629534455	2.94275882100325	4.61261315965417
75.2201706435158	4.99319378912387	4.489980746903
70.3503632930507	3.67577679510064	3.93133267394772
55.1248331173933	3.82099138147837	4.72916141977689
84.5228766177739	4.86189878968474	4.69562041001255
73.5129681732983	3.93456872823232	3.83053577840364
82.3540160589981	3.71347972601544	4.02735731916425
55.292183617324	2.5395516169658	4.2598417339976
65.9765453977379	3.52612895278109	4.37615166755176
56.5044736027727	3.81713141841335	4.78106430939824
58.8780223883113	4.63501739463968	4.40324445479054
64.0652476235783	4.71615684209865	4.63617568698023
84.66349433145	1.59752427614106	4.53460425976723
74.0720098014025	4.41935606273235	3.89370952474433
74.5250560132664	2.53671047781908	4.76393089990261
76.230328736132	3.8918748298659	4.50394224211319
63.3589150899729	3.47613457865031	4.12887927329848
77.686058424642	3.66349097917951	4.28078151989078
77.3204362556117	3.27267156381268	2.91412631990274
79.7289629076493	3.30276073923508	4.24887750575783
77.9653560199298	3.391012814869	3.92071722371142
75.0211735620942	4.32063625395364	3.13780534353184
49.0028650637534	2.55071625111581	4.36402706894799
71.4933967152889	2.4879873785444	4.67927610265614
52.8332319607056	3.88159227513634	4.39306418796584
41.6951964422194	2.45460706936822	4.99809809842632
62.0674450367382	3.78562547720304	4.69203754972655
73.1940157210948	3.85813293218242	5.16182759100657
64.690699127998	2.9417364551636	4.26366589790161
79.7725808188025	3.6087521254936	4.53959667012027
92.2937593868078	3.82011000978401	3.64479324300495
87.0710658168151	4.94388320438135	4.38170180567361
64.2102594766721	3.68491065940829	4.39345171388951
73.9835056355574	3.70110075323929	4.87727139580762
58.0551982410393	2.72249669250683	6.03431639306845
76.85601586533	4.6627680549433	5.38290104864383
69.3473762847602	3.59323814789683	3.89393646955173
84.3529632132865	3.45890884946313	2.81940723810982
62.9274330853513	2.57628141011457	4.64457572363608
73.2872822910687	5.31262847719086	4.52835085172559
81.8497058721197	3.23400630794534	3.51797735152906
70.5730647085919	3.36238295069588	4.30758515485737
82.0430083489865	2.24506122664353	4.05292269717164
77.2807621932612	4.12070305174878	4.59909649924378
81.9317627163554	2.23270040751554	4.49474042295282
63.9374763277811	3.59407739813983	3.68504379348651
66.0199561177304	2.56575734012093	3.24945973737899
61.1115258830335	3.92515456129435	5.41833725773393
74.3956884007101	3.83960864949108	4.57906961348015
83.4116854166202	3.65613024267073	4.70624774835057
79.0097874318566	2.96123214678861	4.86499570264605
73.9762305427246	3.43812625922077	5.64159015279174
61.3871698563152	3.05599970376319	4.57728062299785
74.4318997032469	2.91861854302061	3.43259421265299
81.637711734206	3.93730047505204	4.42609795159618
50.6050452011952	1.06327260936384	5.87840415970697
76.52183396047	4.57602847287919	4.526623030002
82.6811297910239	5.98559457297945	5.13894999812185
82.610353962221	3.41526962263041	5.29400995944736
88.8510179162089	4.35200072969053	4.65141248799512
76.7516463768604	4.41326142052791	4.6827006022583
48.9579564880219	5.69737828588494	2.84602075668416
91.1122178339819	0.895449902839013	3.89563602184549
86.4796719149857	4.7374991667217	5.16277846605946
79.256165562963	4.26901503932918	3.72688622307479
57.9537360402426	4.73654808920418	4.69151656163266
68.4177217767906	3.84375042118982	4.40523914260315
78.1472705832755	5.34758853481951	3.6611432985027
71.5532490397274	4.50683485613164	3.92464109419136
71.0454701705361	4.42144460541754	4.6609069353873
80.9056348372102	3.56756757512133	5.0346600193964
92.1017760657555	3.92342831534602	4.41583291651645
66.9271479329212	3.40052622612836	4.57146978116468
81.9162741887517	4.566017580405	2.98842146323947
94.5019938150081	4.80883024588729	5.7956867345446
48.8789922178303	4.09178653748119	4.46891324695487
57.671365811338	3.8776463279023	3.76903726326482
70.0405216594499	4.22753829220344	3.61312728848458
47.9959204368213	2.31848219176913	5.12703861320222
55.6984061903629	3.86014689180485	3.79729260803011
64.0332680723939	2.49285824055031	4.18573032486743
64.1385545176694	3.56807605593574	5.34959847857209
72.123043139386	2.85510788497861	4.33636049735559
79.1143943871197	3.24474643286314	3.68670346354757
52.2990572961694	3.63814272477734	3.48736045505641
69.546306926318	3.526453335997	3.75879077385351
64.9495646078767	4.11555866902281	4.12149130920731
79.0329352466178	5.42992114357584	4.28980321715483
98.4823833898945	4.83407941052279	4.21004252665533
58.7124900616519	3.96316347620232	4.91981750424782
75.8421244357521	4.42456447225439	4.91629797709766
97.670772995487	3.96648921701362	4.45625443817912
63.5297232457107	3.76988076704024	4.24326863307386
80.0021522901668	4.14239213190537	4.68455206707983
73.3218281935142	4.01376781036515	3.3807317622555
35.1516366046544	3.62913768151973	4.37102248386566
83.3639096138482	4.50971565516441	4.11824732804583
66.1585284443659	3.43276211014243	4.15045368815859
63.4438768394773	4.5442794971774	4.6041112918996
74.8619050837409	4.11027690076268	5.4137224887908
67.2544805711158	2.16372839607594	5.19323512928063
78.5950954988096	2.53793205952135	3.58476459176651
73.4609504423334	1.70273037337262	3.70731372120601
105.378443224166	4.7312193014327	6.08577145491841
74.7338341398012	3.02198218095715	5.05373994637085
79.1908485532289	5.05565966302291	4.15453969263833
78.8619486796363	4.77785025589594	4.64232657388435
78.9900503658932	3.10551592511977	3.86370616907045
72.2761739860934	4.69574075445135	3.47894260477096
77.8540774657948	3.603461178761	3.36835096505843
73.1915613399906	3.98472569581469	4.70580998633413
90.5055161191662	4.47654766408233	5.05220454700828
84.2065683542357	3.31153968372826	4.33908159138895
100.103040108709	1.95235395024815	2.67691129752228
83.913916700304	2.73614080196677	4.37740019253955
75.4538636694225	0.546326494376931	4.4856156372961
103.811642643374	4.86680623968927	3.52635833050381
86.3546918000611	4.2414110013794	5.12903610807792
59.4921071835305	4.62466081143694	4.47011867514896
85.3637972914167	4.32899864020623	4.08683557622504
79.9261891363012	3.78958726739925	3.71748606643475
40.398688341824	3.70408839436278	3.77478785922725
82.5047839534648	4.45710044596652	3.42135384455131
94.4442306683509	3.44044199079161	4.20836380159735
58.4573169370777	3.54342057300594	4.1752419287596
58.5230879977976	3.35674806900909	4.9832020267692
75.5347923797482	5.7146290505991	4.52335637115187
74.1705789204591	3.28644222135331	3.80618387328108
81.8285786035127	4.56204062189293	3.32446476757275
44.0317913270029	4.60416043961874	3.73638243254108
72.2623879282578	4.2913312421955	5.01315230557296
70.5887673831737	3.27755276378769	3.06295555973028
92.5347699547414	3.61405578913885	3.86312248247119
88.0636732101191	2.86433793351986	4.86029998534512
63.4128767981335	4.04517441039473	3.4290263597142
56.903240086306	2.16190067259251	3.57057487400603
85.0735970528178	3.83609121030084	3.83372911488534
47.2174830352421	3.55924681856034	4.77671777800483
55.4352317177225	3.64950839413141	3.59519124078901
92.4075290410611	2.9420737090584	4.63466761185892
72.2080158893528	4.76433633819265	3.76939893365761
92.3358945983216	3.75008306628491	3.1923353171481
78.9633308641977	2.2752049366005	4.56828426449205
62.3417426156385	3.59098768617408	3.69597321707586
99.0778305918953	4.21475334169213	5.74805016533354
67.7869421445639	2.88503431773669	3.45111700498006
76.7596137878798	3.7440110603066	4.72399325611384
67.5962375313915	2.45743453073029	4.07354060062284
78.5172656440166	3.74808011308926	4.2532737283927
68.6014744061486	2.57138574334358	4.5983215440101
76.2934377069612	2.92056476979382	4.43255517386229
90.2703898820305	4.42155715113514	4.55241552002399
72.7223872049906	4.44134807320041	5.17388929026028
69.4939913745044	4.21218648139041	3.10972499937112
85.4783264353209	3.00715918092638	4.21154603932401
93.106791941302	2.60724173697778	4.14989066614755
88.6423956194359	3.00474946807468	5.1267402926152
81.0729176512013	2.40822212980511	4.69189632930042
87.5889593350475	3.81961887812506	3.83784209764465
61.4118521942497	3.6751194698882	4.23354780796923
50.7017338865462	3.47536474600273	4.53397972340673
65.2437246726195	4.18332618923004	3.62870730731347
65.7861523643756	3.7235599633048	4.23480152480892
62.7308169516802	4.34977665243032	2.82355808836349
62.0436824681376	2.34666236317982	4.69117478581043
48.2125469799053	3.32645984237744	5.1137771007285
55.1897466318677	3.99743590271551	3.34216385428029
83.1654718462263	2.75675891091679	3.46513931862529
91.7582399386599	4.53828465026922	5.1074489515555
61.5174669920474	4.22617290574931	4.70102250304945
57.840091658582	2.78479001422234	4.82029107636276
79.7258920655764	3.78810686842081	4.67484033550459
69.8101239369949	5.42250929927573	3.87575006410932
84.1561588916678	2.75320743044867	4.39142123366315
80.8538217249228	4.35059446658751	3.56728465184145
57.9054641273035	4.02572072255404	3.43565389121704
72.2883909844929	4.34249336498994	3.2769023887797
58.9395196321347	3.15662734614383	2.80891415409385
63.4163911418063	3.10011709461684	4.03944023418536
72.2661227055018	1.79680022099175	3.91803393800816
72.3034751144048	3.86469917956861	4.72206674064264
45.5445222209072	3.6139392045374	5.45934339752498
81.0602715822677	3.99893167384624	5.0902643513965
72.1198604696113	3.73410673129274	4.27016082088736
80.1507829035071	3.79798726172224	4.63140280539678
89.3426855745334	3.33937284534433	4.01413371671635
66.8331448247317	1.64085804122811	4.42511124699679
68.1140330326757	4.24644930267166	3.25862366396742
89.7855651805521	3.93687030493982	4.31612034661443
99.8768595963642	2.12665364471567	3.11376657021556
60.7114140191753	2.49639423856432	5.28135159938522
67.5059713057759	4.58296765775981	4.04190418319406
72.9948175795114	3.57131300760272	5.35770958672004
70.8823067847082	3.6516848783238	5.21358383749846
101.129967731767	4.91864208253613	5.21483405565769
59.0667365056293	4.36618869061525	4.58550537903488
69.3243727272214	4.86832604621153	4.3776776746014
84.9625563824923	4.29893139957094	4.68726668754137
79.437589493644	3.15226781928283	5.09523847874226
87.3455719969194	3.14344232120199	3.94637484243205
61.3310809659554	2.09843365747842	5.49562463257332
76.9234520201776	4.19218533330895	4.83660510724194
76.5491187899412	6.11892751545021	3.13254046789597
85.9541565548754	3.75667086300663	4.29817460748368
68.5498073272118	3.59802823654199	5.24754835902894
73.877191171442	2.53260120595935	5.63940472478951
83.4281971547828	5.23657456873738	4.41839287536371
54.2166578759213	3.68578334021375	4.11237880577434
81.9128289109824	2.40000279815845	4.90753893441625
66.3603420564704	3.90284955183369	4.37266674573469
73.7162581530077	4.16249996781704	4.88107430747136
45.5889058967187	4.36470461641862	3.1436929746706
61.6806062690942	4.21206144125339	5.43949292997814
64.6904710293281	1.72956251053902	4.78647657690181
70.1759714474981	3.64386807951881	3.95480792851323
61.9283829986802	3.78229306380978	3.29537824047932
97.0878088127158	4.74608106323954	4.72927461525366
75.8555800842603	4.81568284122318	3.70355527487755
62.8415469439884	3.8755539998161	4.88567652783494
60.9920585091411	3.68179810918234	4.1788662667527
70.4665590987574	1.98171361143398	4.65945774738605
92.6974832230505	4.94645394369701	5.43686764411033
69.0529374620029	4.22667987733554	3.73715792296542
65.4772301481337	4.92905922766414	3.89245473875021
76.7384917803178	2.98807938553653	3.58938082820149
85.6325574256516	3.32577577109422	5.16727989465193
72.3617825885336	3.86593009623862	4.66834675065977
82.496754372191	3.62113404171514	4.49766979344713
61.7649727565204	3.6456075137459	4.88596402396496
61.8225144766091	3.81308245929475	5.06183764718255
65.5333266028128	3.47530616995158	5.09107018592741
68.3673784269522	1.78779177421545	3.96295750212355
66.1630678274972	3.83320507406487	4.97654247758803
72.4371987263892	2.87495080858771	4.43783931332907
67.0865390933605	2.26779117086709	4.13792545288334
75.9834469716291	4.59865931895128	5.07000340869256
44.8815894979064	2.5838079793152	5.13577883775543
89.7452411827827	4.02853838362412	5.5209772502317
46.6830234972275	5.52194808558395	2.78266779949825
55.3903117800281	3.73829838679543	4.81689481673958
84.708582651046	5.33126186953237	5.56356245349032
86.4815197478513	4.57881935093651	4.74380513328981
62.2081371078877	4.4773698766959	4.90525966099482
67.0905752672313	3.4044542044096	3.90812683496557
55.141871609921	4.84935685027927	3.72232571694878
66.4647870188197	2.23040554990139	3.94121879683415
70.1648720722235	2.35422535045472	5.3694719967381
83.6363134719815	3.20072928542095	4.53210158079258
46.7685538679802	2.4854735743927	4.39036242159073
78.2129933251655	3.55083169634602	2.68744120633672
90.2482427698035	5.56655347759134	4.58601000842607
63.6191343527298	2.80666581586138	3.4009015138653
89.9796738842391	3.61440059664059	4.3638491606558
102.482964602558	3.31603340577273	4.02512107906233
66.4224911149383	2.92957860139225	4.947259338238
93.3986629489119	3.85090278856852	3.50603818317338
70.247288221135	2.90525104174241	4.41452073731792
65.7883895444018	4.19013002866111	3.90195844058003
78.0695667409455	4.1171710486558	4.83170536525314
68.159955641274	3.38889598433281	2.80474354966703
77.1766977423244	3.42986850431489	3.79815388546411
96.3956480248435	3.11571900566658	2.56661608801389
86.1980070673035	2.08907951321413	3.26870349332233
71.7349468134806	3.30778837708726	5.03091317730606
88.6576649393207	5.08011865396544	5.19330444595147
78.7267521345408	4.84002827911214	4.83518084712738
66.3413810534744	4.08400452725677	5.01967363364018
64.665869318	2.9428793614236	4.15148329328321
86.7762001241033	5.7303546305961	4.74236406526192
77.0914366822406	2.34240001413395	4.55972792946455
65.9829974151698	3.56233309470629	4.91444597367721
66.3003801231978	3.22231108579032	4.02764902191432
87.3148818029551	4.21989388096105	5.2505042229007
78.8198060295525	3.35105519938872	3.47008973912282
58.8722539678264	3.84575906185999	4.48311362345943
63.6749840704228	4.1259322244983	4.25171199881318
82.9100762016865	2.34928288554262	3.54371042095633
56.2421350274866	2.87182111305613	3.63411956761169
59.3193269576861	3.26002381330106	5.399322478353
63.9180349846222	4.38374251939602	2.67576489116906
97.6323770801691	3.79331724219113	4.67832878925395
71.8736910571918	2.26124800155247	4.5612988028403
96.0146074942939	3.90990724388115	4.12617457364618
68.6212082157256	4.17905900278896	3.35408123769153
82.8227314053783	2.57916086857295	3.95936250027592
61.3647064301242	3.29997572395734	4.59113877851555
71.8154128124832	4.2828688894028	3.82889304422928
75.9001261660067	4.3629614856011	3.23256003220916
97.0611540930329	3.68723563561056	4.12733115599565
42.3593600336945	1.73060095274302	6.33168118121458
59.4427267638311	2.65681932811704	4.66731107334579
55.6647473336521	2.68881894898528	3.7715268311982
80.6751933056169	4.12393363527056	3.1446631323804
49.7764777195725	3.75187833334595	4.74184434158832
90.1744215573225	3.03293780772639	4.1874924078245
49.0689845886714	3.7457010035347	3.51661542794752
69.6163971849001	4.07811442184819	4.37846589132996
84.450505745677	3.55395674357725	4.77681319133061
67.6429621202435	5.18515283336067	5.06139065113753
67.0181747661073	3.95111337034595	4.57351704925456
71.3868965544618	2.18456331364178	3.90110417225251
67.4363188450562	3.12413052273349	4.28109769339888
62.0940782475481	2.740535786439	4.44975833233663
63.4060651869054	2.3032293767454	4.74303535134569
58.4477292598289	4.54062887223339	5.07357737741548
74.0487934990769	3.9438985433575	3.7095958494992
59.1051843391628	4.34082114456988	3.75710092250998
81.5168682307607	3.24366819867363	4.41168985409318
30.6627888524541	2.91231704166913	3.78197618582915
64.8158371889734	2.76962380265137	4.44113375329567
78.0100060174175	4.1720986585479	4.58763978359758
71.9836206590992	4.01075656480614	4.60423198171052
70.9590774747843	3.36391499849772	4.52500812027918
66.1205654645921	5.57044131610322	3.53284138920115
100.667017817033	1.87427925422907	4.34387027327765
106.530140003713	3.34728934084223	4.52903768464738
67.0435481389846	2.94374503912403	4.34329304248487
63.4775564266742	4.38407409394198	2.85586151621248
75.1102229942913	4.72348997872972	4.24295403024694
95.9236717895265	3.66287110030885	4.14303369787995
54.0521751071811	3.78411210859211	4.96613047252919
100.781133127834	4.43986662914079	4.07289765408841
46.9597103278603	3.34986272772793	4.2595106917085
74.0879575543349	3.74889422463889	3.67064990275925
61.7418363567855	5.20682378120336	4.48156665438206
60.5817459484653	4.01097044826558	5.27170037809516
66.789350140608	5.51188305526804	4.32527605449474
95.6376237131207	4.52093172902419	3.64382562211873
68.4880950970521	5.92603515182657	3.26136807547344
63.1536547114691	4.02906660521934	4.61648909233515
85.5638815127511	3.66657558083222	5.04011255438837
47.6405814587131	2.21236169554316	4.92238547662915
87.6792472109507	3.02308268693922	4.44009338884443
99.2878262875328	5.52920722990231	4.49567403736822
63.2366191998882	2.48069643677678	4.15338754318869
85.3375781355916	3.49797322085196	4.50293429736587
81.6936137987466	4.40263554835267	4.40483469751966
71.9079128163612	2.26576162277464	4.0279727833339
75.8854194381165	3.69861123745912	3.22540228013874
79.53360668701	4.10411304073048	3.35110562274975
94.5383769321056	4.03532997044749	3.8360798320332
59.5851254926262	3.13059433491076	5.09235629471338
73.039492443856	2.68933833714701	4.2450945293406
76.061271747123	3.36561403958644	3.08539816919309
50.3599469718564	2.90034842185893	5.883029578106
89.3738617316024	4.33380466803539	4.50521848119977
89.0253576780184	4.05915414702614	3.20335519947913
75.8567822817293	4.08745359597555	5.06245361854259
89.3962560698276	3.60258343783525	5.20396235351342
70.1915384570877	3.54829993490699	2.92016136903866
81.4338608524068	5.32772406738104	4.60943963576137
71.8450090020666	4.51502975981102	3.62353495001785
88.7757095650952	3.7953148043629	4.55182575949552
73.7688781151284	3.42070477049247	4.82224681064207
82.8439137659825	3.29491420257319	4.96220065724257
42.3246502855003	1.30071894872605	6.14592751317877
74.6052058061306	5.29348319919691	4.81095877915054
61.465553898468	2.97156467653523	5.09967527638105
87.1167890946847	3.70504479132132	3.13635844277152
51.0092036482783	3.5294710541784	4.18409109904445
87.3813520331372	4.27338532363196	4.24393734184271
86.9903837749892	4.39745912633791	4.93014741018023
78.8777616769697	2.27568533264209	5.05407524558434
88.779842971159	4.23606222686447	4.59319292540357
87.2616351395352	2.7451929558122	4.43802506288441
77.7124102850574	2.84282622170798	5.13435289080966
93.8368267115961	3.61550385890111	2.49856255844982
60.5055380200557	4.34998211457884	4.94207240866039
66.8152128375201	3.7046192850132	2.90049624004316
78.730267762195	3.28285487372353	3.83641338238902
77.0220180303282	3.53997936419078	3.77958036570225
65.6414472329978	4.59655100228755	4.534389760549
61.3420678988101	2.05312063803758	3.77828299586706
74.8251172258795	3.33310448860909	2.60775234588464
57.631377101925	2.57660785643988	4.46501657407761
68.296096913386	3.11183863685755	4.83039896892704
81.0088620442007	3.10292970259575	3.66090727317071
71.983136069376	5.06222323881423	4.82309627528226
74.1189504615823	3.86347501423111	4.04903251992265
71.2774854744881	4.44335012793966	3.11722635919134
80.5041953136787	2.37960552578507	3.70687923331913
64.8556257840554	2.81434066601843	4.53179572209894
101.481509376676	2.82479420126633	3.72571475893367
69.3756392337106	3.40753972750808	4.64732417919848
76.6205341756711	2.5224917740394	3.8338109498866
61.7726839597356	3.87979804259013	5.13544388455437
100.141370101447	4.52567883743228	3.76078148834873
79.2132104517858	3.12392569665328	3.64173436074867
83.382650931817	2.26813569555959	4.36412748936497
80.8774978195118	3.55741598443673	5.58242026659695
84.1422807461573	3.22758633200189	3.59869632372859
71.2948329487926	2.63729036858765	5.12827662804968
66.6102518762452	3.41110518151487	4.43858877698439
94.970173047779	1.78722764305948	4.09361243307925
64.0791496479074	4.87112304356936	4.00434703776011
86.5027340310497	2.65354303942239	4.71964950247675
91.5972524245883	2.42204466031596	4.06301069720709
59.3962232794959	3.31022865833479	4.06724356795368
71.0893532538656	4.65087262234374	3.6765946746261
53.6230862250646	3.82622047670975	4.87068377463789
55.6895890889736	2.73260400851029	4.20038729113686
79.8581212864428	4.30260609719457	4.24934566836726
81.5795953056946	3.96816798605644	4.38268569028037
61.5327201076126	3.95563622410541	4.43570446163583
65.9362933548065	4.75848382169425	5.20846506416819
53.2106736975453	4.1767132137471	3.28411336615435
91.6935596487678	2.68295903217914	3.88012719380804
86.3695681384335	3.87743063709365	4.62738669605161
70.3268167271518	2.82932707845604	2.81013471277831
64.3933227417757	3.71593335341051	3.96886963419844
55.425549717891	3.37181792751527	5.22215590044159
57.6210239509205	3.07379192915148	3.81225822284817
54.7309514498887	3.31370680743265	3.47447316230545
69.7869072109038	3.85900835553878	2.99867764140662
77.8540441875083	2.55360455329246	4.76718324158095
76.3857063250697	4.13366455473222	4.08086905286633
85.9807086068197	5.23281792707537	4.01944368621969
62.7226969210531	5.03925086179224	3.94874288464889
80.6841193802393	2.38887609408682	3.77855255813847
62.2548214010357	2.91601027769258	5.40124735685074
75.3674598144059	3.34466944676156	3.68332099215289
67.124868781909	3.20481262363422	4.42922979112984
70.8009680878669	4.89604200965813	4.61475375057839
69.4052841162098	3.59897632704442	4.94609578067498
77.8873239634557	3.24845333239561	4.55381115033819
60.4288894566622	4.10007562346972	3.73388603888409
95.2185441939613	4.24723627476076	3.87360571944898
63.4805395884665	3.16630003444623	4.56570443752475
67.8830826169366	4.92742747139716	2.45139816100553
71.5819484448464	3.49431903184044	3.09088360254304
63.0874970419092	3.34267799771626	3.88342365483204
90.586499809858	4.67245688230233	4.21866054970498
61.8019645109148	4.74120511135117	3.35767695580645
72.8311607514184	3.83588523447185	4.2863754806654
58.0633425530636	3.61458568869087	4.21830858780916
63.9927516018859	2.27594361014919	5.59337946593053
66.1768159865311	3.26804481069305	3.27762806338121
61.850686110926	2.17243234792069	4.72796905378382
67.7259786713426	3.46892533874816	4.5748097974477
72.9411447621717	4.62713034134463	3.96915543042841
69.7822000873988	4.26890538178854	4.44815352644228
88.197644853759	3.82268032919413	4.14325066083933
85.7715398158265	1.9178226016174	3.49747589458647
74.6080842798853	4.69479452977732	4.63985499917698
80.564116585699	6.05271117623727	4.20462188933287
74.7669832438769	3.68309371942744	4.68568467574523
65.5881963346712	4.98687981260189	3.93490174008272
69.4733628241281	5.16137175982045	3.54322135253943
60.6421715463709	3.38982789307655	5.23343450118
68.2045431339769	3.05259952660742	5.00366081627705
57.7615236375553	3.54618926163711	4.34547671288511
106.00956684586	3.94163479196733	5.54994106221657
87.3685209734137	3.44079203702054	3.86475495396876
70.4491344820045	4.14340487793311	3.69099615828128
64.2952632985288	2.75504121515474	4.80450164171948
82.5870944865617	3.04665430156736	5.23865498156964
96.10467850552	5.27066580182752	4.07050702785433
91.1838697932719	3.71291934628731	3.68773085430098
79.4709713680806	5.34169365600393	4.92175717250816
83.0507823733912	3.55477218697001	4.46249927123394
101.089546095305	4.22871653298432	5.55983441898658
74.4239477834478	4.10799504771388	5.49491540165243
59.64250589261	3.38646793416385	4.13876021380465
85.6167985724617	4.34403608142073	4.19279234322336
90.1584107015227	3.89030807246729	3.89653863091166
67.9435666386994	5.76590502157552	3.94999149112244
70.528385784815	3.64650881600039	6.16766045932206
79.5953355099071	2.73329999303661	5.2515388900078
93.0885921360333	4.19093246958256	5.31436516593564
54.9236974439744	4.57877375895158	3.5460958297955
73.9367058221241	3.77402553054386	4.75330565295288
68.003473667892	2.76475355169936	4.50674812175747
84.908001701755	3.44835108486013	4.90374594124696
77.7893776345027	3.47155659009709	4.86652700504019
71.7240416409183	2.95175310246244	3.93504387895519
61.6871739625371	2.97170941576826	4.09345363889701
70.1019910405776	3.64965458905044	3.37159902168527
66.0040678411039	4.74018647332096	4.03176543540636
56.0124112483092	3.67245955975137	3.95502066471353
62.511825649414	4.07627760104281	3.39631165414842
82.2391792472093	4.8683887230633	5.45208151805142
94.9392749730912	5.12598355800791	6.10921091368293
64.5597995799802	4.30706799159392	2.5120365031004
79.231944987312	6.60930074549384	4.80532899572509
90.6889022485229	3.92121442188921	3.60782925122674
74.4456889974083	2.66241797210806	4.54342745344166
87.96529213807	3.1152797054361	3.80977898394433
55.1181368372855	2.81535049047599	3.16580062667809
54.6806838119466	3.58589934745736	4.57482663163858
65.5390725944893	3.80564566316691	3.76569745980153
80.0060606469752	4.86373077312152	2.99718106781989
97.3053831190196	2.46240620542098	4.80364150844302
75.2909959499829	4.44273773963147	5.07013976548901
66.8492797043079	4.22615185924641	6.19038264522871
74.8157232027106	3.52009814418299	3.61208659456592
84.69282359487	4.22268082351845	3.81853670224044
68.1902073023435	3.87034930828458	5.00574343792156
79.6923278181521	4.12537888604473	4.9105257094785
67.2532827326272	3.32610230236206	3.78168667370781
87.8890865002563	2.57630696749664	3.62203102410656
70.0262765392939	5.13110732566451	4.5052510730364
53.1377205487347	4.6502537230789	4.12349353918763
46.7683223521623	3.01220748678519	3.03321748534026
99.2232368581466	4.1340655642172	4.86914447409633
71.519530718731	5.16691521352039	3.11095560560509
64.5173899183453	3.45272867938799	4.87591893856461
71.5114346367564	2.66289422294119	4.83410327464991
102.294844461018	5.2102572448234	4.75629113330639
69.1306061238586	4.36492147898079	5.03487251314719
90.8423167960077	4.00175261892896	5.50952400064317
85.0473723735563	4.83985800026143	4.61724723201092
77.9353570327628	3.43122067297985	5.33636003770949
73.0599182019702	4.81514881247996	5.32569790707766
89.3138318185041	4.2546865459593	4.30896268064135
86.3671759568687	3.31563558992112	4.10643768570039
55.0180343270234	2.08761865910206	3.78660251859966
68.9476970272526	3.1225790935628	5.06801173666434
65.4351550581047	3.23498419373005	3.87116927291936
89.9406794911727	5.55478728482364	3.98786066632354
83.2228608642005	1.94667377054941	4.63883554175818
79.6318160420242	3.37940062997054	4.59832617333487
50.3036205140748	4.41449922499276	3.04635514801987
75.1680147239506	3.6619569570823	4.69679143195469
80.2043731600518	2.4436679505509	4.62712902244926
59.6548137242821	2.94665229735334	4.35670754047151
65.7574007652035	3.90289845393303	4.91784151063675
101.952156267332	5.40819390458741	4.62175158800425
74.4442315230855	4.1314337582549	3.35921234201118
60.9798300620429	3.36987013164317	4.55794918643447
92.0288390685895	3.36859411868758	3.73249077913227
64.1797136062774	3.04444856966209	3.7852496824197
94.4898668893637	3.48771489378932	5.14214696643291
85.6178254110391	4.15921037855643	5.07175892310837
94.5074918059828	3.93291157360852	5.16722638930317
81.2881279587983	3.09723135096078	5.30251769937513
74.3222833367857	3.26067512888911	4.20088006692448
83.6218748758529	2.72329907146567	4.04126087678597
62.4576274227613	3.29312124627985	3.74091281501858
67.0147232782474	2.34658192378025	4.68932085571776
45.3526828056153	2.50889524696159	4.99384341209691
90.0207323475499	3.45211057228019	5.16753728569459
75.9180125902647	3.7534548092077	3.76556711980399
57.0343709032866	3.78465244406084	3.75819221019081
70.447117323916	3.60959567206472	4.29491406927541
72.1974344392449	4.68247085275043	3.2020948979756
52.7727737846583	4.14433310712152	4.25796316239464
86.3271504495391	4.28605882425378	4.24872672206715
63.9413662526097	2.10221011555878	4.86927174438661
76.4934184163698	4.52638393232176	5.09275335680635
78.1092358107196	3.39248407979354	4.17650375415823
82.3181435407747	5.00709235395107	4.79747261303517
85.3094963121061	3.85119379168079	3.14056951985989
91.7974521621337	5.30482757300059	3.88116767177225
66.7120359932567	4.64707982368107	5.09245132576479
72.3426219942675	1.97394553714731	3.34194270614929
65.2444691487604	4.62391127406506	4.09393159975608
89.3473300475761	2.29747068877942	3.08978599520156
69.2740884746066	4.72799476382423	3.7054805362503
93.4945359375553	3.75015402156033	4.67209412363968
74.9003645845197	2.93583969300549	3.9241990327657
79.8168784726441	3.71141595992315	4.13928167901411
81.0998988537689	2.17492207582412	3.51894628112547
98.7439732598187	4.48399597101796	3.70386418657146
67.3340205349278	4.52384324017607	3.86827599033932
73.6895303371831	4.45771877879205	4.70985295067643
64.8506415789425	3.06988508490049	4.29290462789517
81.9504533598924	4.28106173617531	4.43051872128844
75.9133359111074	3.72502445223736	4.59857300180484
85.81839339518	4.19239263615663	4.30411287122718
70.695238591611	1.94383421283141	4.78289205571449
60.5246485502974	2.66061443139289	3.71641648912256
70.3228130051831	3.83503031386145	3.89671391990107
48.9222312767778	2.2626594977893	4.16864514029853
62.0905036991139	3.55800795576897	3.93963854831184
94.854817184748	3.36855039172575	3.501446920966
77.9394227898047	2.61282814592326	5.45097889892073
79.7016504177995	3.79363710735824	4.5118593203082
64.551753453338	4.3886528808135	3.8087802805592
62.9533043800058	3.51234355839514	4.6143111219448
76.4300515286447	2.73244665217495	4.89229905783985
88.6725468227564	4.90166533045807	4.19244184178797
59.6558261468328	4.6222010593215	4.62538504791988
88.8248408845164	4.27099791882136	5.11992446477831
79.9605209140241	5.36195790444979	4.70310372944353
78.767413246522	4.5131025224956	3.58953345640873
54.2300672603537	3.01315274306344	4.72306167325303
61.3494939120211	1.91705147755698	4.94437796840609
76.6767702370391	3.10896921137111	4.23201653898786
92.2374947375267	3.78416419076802	3.64811354262006
78.8308233305992	3.63606157207789	4.7974389027303
74.6113275994833	3.61384559666972	3.44940532811016
47.5461262114443	4.6274768843802	3.11086892967957
64.1978959704449	4.3548428116415	3.65016861194559
65.4775764022447	4.22689483392384	3.22067464907872
59.1193234234386	2.05744819447332	3.72840091804689
72.6795002900223	4.57476422376484	4.59918896062733
81.7933925169115	3.9104595271938	5.93011232685278
73.8766608050775	4.89331827588804	5.01771065076326
61.1045594129591	4.61677407959724	5.48465594860553
30.8782580790845	4.11168374899909	3.54744125102761
62.7458155454461	4.12882800240474	2.9512979318924
58.9908178899299	2.66515644626393	3.79199307491792
69.9928934983352	3.84203265242046	3.65735847160433
58.6553032640791	3.3420260592259	4.64396955859219
43.7982355304184	3.30388692097727	4.91925152076805
77.8942038098797	2.52569952243519	3.29748378781758
81.603159182893	4.35243250657465	4.93340039497725
47.641904479884	4.18830269439483	4.47913583224867
90.8969763364706	3.48794609283974	4.86567447936115
74.2175350207265	3.85591288614455	4.22285730704818
50.1072107982845	3.21236623330146	5.81401571694556
76.0144604983083	2.21318568168346	4.51794034850549
78.8631961850979	3.92284505617463	3.99305119429115
68.1570548814361	3.73666366255356	5.14512789323302
86.4831512774158	3.25603933015776	3.72402594394569
49.59914304646	3.79828776512701	3.88958347616315
50.5832270846351	5.38691350579408	3.49914193207951
94.187878774958	3.86550244206276	4.37633372196177
63.0580287390108	5.21435284101142	4.25172686167774
89.2030632235038	3.3382423901259	4.08617968846135
87.0140301149859	2.98081065665791	4.4747212165534
76.7203204926419	2.70543334700142	4.15635076102542
74.5671212924643	2.88499096104918	3.7401546136327
88.8576348587512	5.92815674404394	5.01271925998443
86.8671952689804	3.36218431208861	4.49235035767503
65.553404542036	4.00143293986892	5.12089697056957
98.381907631311	3.28386218567984	4.23872808799729
78.7160207971238	3.52272170161916	4.27524720332186
89.3496030610156	4.32780831293331	5.77983360375863
52.3117139672086	3.46402360475013	5.06009579064735
51.6975778569898	3.66582566973323	3.88496889742504
77.5055121993207	3.61915138623481	3.06596961308821
70.9878015223224	4.22387265336084	5.07313069993408
56.4959270439291	4.89269289156798	4.73304110284696
85.6950006576262	3.97821890650635	2.67538207601225
72.9274845834181	4.60280766132711	4.57428837907954
79.7499011941001	4.96667369409202	4.79951695185776
65.0928377783133	3.06467458262184	4.68797179799965
65.3479224435847	3.36408226541504	4.29972079885546
75.8201862970508	2.0534707922454	4.33125439850672
66.020940003684	2.56307310452827	5.34602824922937
78.9074962768992	4.01061514640393	5.139570656439
78.3693527292001	2.88077824565735	6.08934189807478
61.9610338411883	3.34909241176483	2.93504062668536
55.6276434771409	3.75984132580159	4.94723808394569
66.8520122879002	4.82110023589568	5.49183234637517
79.832694348153	2.31056724412876	3.84191214624856
83.5471494492322	2.97962872270418	3.91387024404175
90.9670539337535	2.62469924023901	4.44739436537115
63.4199404498732	4.66707850470966	4.57137373463488
83.1288269245651	3.65922036810006	3.86353799860764
66.0136467783343	3.68872389877799	4.72653604707253
82.4788058211515	4.16219632596811	4.83655236150143
63.2301548649082	3.44660469694186	4.70205038997933
83.6100808579163	3.86129184078647	2.95682136342496
84.4532995610091	2.3546249023552	3.99550691852591
72.2602653444548	3.06075940300612	4.19690980005182
62.5263245008653	3.53390536251617	4.83209796130223
81.6458788371574	3.24269432692162	3.76629385912014
57.1811890870447	4.32159869626647	4.09766003768773
76.4536324524171	4.62657693800836	2.75480046933195
91.4870765487094	3.89943362010536	5.12712800259053
62.0231873099799	3.77683527103144	4.40135529445582
86.0803942758956	4.97454282475694	4.60951617539668
59.7101835844109	3.70075794002371	4.44827354325871
68.7149079109977	5.10010204128516	4.20011667162508
66.0895882340074	4.40562651619792	4.17326004173354
54.598137035886	3.55083165534437	5.37022640530499
71.3730668041426	3.77133453432979	3.74098345403394
71.6433646794686	3.92813712988797	2.93706797930522
80.5564716234118	2.91564841731576	4.73092259118877
79.7032148525625	3.37218511126042	3.77761698993397
71.910227150337	3.01739146876232	2.90440699268389
57.1063204222655	4.39309169023032	4.28678512576861
60.6016616911413	3.33408034852707	3.57549842383152
74.2900926949364	4.62040673056036	4.50819494900291
79.5110272412434	2.89871556312402	3.80113407316329
58.7339320989842	4.80460250854671	4.9777028432157
69.1282042555072	4.02149523221284	2.98508012267994
77.6828865408301	5.32524795300511	5.01400597286614
55.60228502961	2.9372042598879	5.45549658470481
87.2599793801294	3.21200771284281	3.58621939179269
69.7386389452839	4.23749177337419	5.02288599372781
57.0321493053392	3.23056009354146	5.21753095453658
89.2226272041826	2.81490039107651	3.96553155851056
83.7599736752658	5.10127877747506	4.23676789936222
68.4652506792952	4.14256854812289	4.6635195253175
86.7640442947242	3.37548890159874	5.30988479890795
98.7347038287113	3.66025840750801	5.16272393527803
72.7167986231367	2.98581403508092	3.82960247848125
75.9288282871837	3.93245412135741	4.37563898035906
75.6279399268896	4.60894501834945	3.373329092612
85.6218769980975	3.7785299115861	4.2832493343088
97.6358671724676	4.4573895464393	3.55687846774449
62.4721899512205	3.81489746842364	4.94946723444376
85.5958771273059	2.73476363621879	5.58509871713232
70.2361496062957	4.52112855785335	4.40400448960287
60.577466386332	3.04104282167156	4.48470863051083
77.8967630479219	3.902935430657	4.35977242700611
59.9441203321487	3.93714465608021	3.88353231374707
78.7829187460379	3.91351778515908	3.62089888547315
83.4238613480051	4.39756212619897	4.39028470255736
91.8841424746591	4.20818594690892	3.90786289121144
83.2731792771624	3.73548809127167	3.68065416614433
105.208990290954	3.11977485164425	3.74811654691807
69.6670058399266	4.17344614195977	4.51857216937945
73.8448437911897	2.55663641198278	4.29500885290933
61.4079574209513	3.15073827201312	5.29932865277099
55.9999787775133	2.67016887666551	4.18323321193405
67.0711212945049	2.79994110418463	4.52735345246028
42.9402968484655	3.01976628561559	4.74848695921334
85.113377295045	3.76102408442759	4.83244312061209
70.9316866337803	1.87384261738067	4.03951309685467
43.5919362424784	5.66321978945985	3.23529752362944
75.5295183934349	2.48309933263438	4.6460216935729
72.2337540770401	1.71581517714206	5.0652598303222
97.1150410760589	4.38678064561835	5.7141569368955
60.448671282613	1.72004658036266	4.61996109362148
80.8712603826588	4.53745578723604	4.46398578360084
87.4792673388225	5.15416591455409	4.1070070893589
65.7100011784965	3.16215884784054	5.01957531746769
104.953312992614	2.83255507836708	3.6562954907897
95.2663536531838	4.94500478884271	3.91428955442512
72.6977785298423	4.23958210734821	3.40636872025602
65.0504605636049	5.59101076689947	3.90455275477544
81.066002938714	2.23824645331006	4.33066680138784
76.6656054736744	5.57877894318575	4.78935967354907
88.5325377640684	5.05181949809943	4.3276654312368
83.6622548348353	4.50205997733874	3.89821817509346
57.5317824326186	3.7464933363171	2.71920484034951
65.6169102242404	4.21016229872548	4.5896622550948
56.4067609065765	3.15750177577369	4.08960990516611
86.4013998176318	3.88533385865842	4.99888994403267
93.5580815158838	3.02463143023239	2.99804334128185
84.7179726427472	4.07661791378479	3.73496660153128
43.9631828691096	4.28044851800037	3.54037765395459
58.8812933222038	6.35087606364968	4.18874474152867
62.8543727672865	3.18621926831112	5.20720367255992
99.8234515656478	2.73384964118335	4.12968228210529
62.1184294697967	5.00804425418604	4.65723406260545
78.8745011015983	3.63570434409932	4.3110121112222
68.513693043065	3.35311017214876	5.31983894485728
63.009380115138	4.49060225378892	3.30347690687079
88.1414173857329	4.55085626363338	4.49704560411064
84.8562156623526	5.35496661032965	4.46140127900715
80.1287888478381	2.73844069838401	4.76087682741326
73.2654667908805	3.75177373909039	5.86119191544422
89.1410174303814	4.21726243682011	3.97348428538499
83.5637322719502	3.92971719830057	4.90040017649093
84.4298177612199	2.73297808598854	3.8274476126605
84.6331143686947	3.81579282947729	4.19295447261242
83.5551922717937	4.65390779078361	4.11581248195073
72.0676894462033	4.40208405800413	5.4121721625711
61.8595074242042	4.06315652883867	4.22315868200216
81.5991811492796	3.65443056717993	3.43472618079567
102.655488776143	3.18408669280231	4.27387469157212
79.4162148831145	2.6985792049618	4.12638833369903
93.8965266115946	4.46819296282416	3.57813800690817
77.8165536005033	3.76508946572629	4.38996518737304
57.222177080577	3.86033988099169	3.19359370777958
61.867228040762	3.9400219220868	4.23434028123961
70.6169320500938	3.75492586586871	5.35977919741382
85.7355232734441	4.33659103613582	4.80833848125227
58.4098714507272	4.94061407723134	4.18240435216055
78.0901147665147	2.88076947480732	4.09585537341517
50.5668080865657	4.29385703937227	4.1322393210869
69.0713048515964	5.21557845320256	5.29239307663425
47.290129740321	3.11167724336895	5.6491234509627
79.4559617050624	3.10223031605218	5.01753984113018
77.2230319625159	2.09640504824462	4.70998980153512
71.4099366085438	4.50486399655513	5.20609429287571
80.0364452979506	3.44453452355331	4.05699827100759
74.7944316150328	5.14142116965734	3.55097575883264
48.9864754785908	3.14753370849431	5.31916704930996
97.9733062557306	3.95839137242736	3.67941176102166
88.2328893517037	3.23106474883289	4.46119555970427
92.5739570976257	3.99004896187948	3.85456948084363
72.3223121530671	1.99195505886608	4.16881447727621
